1.252758668766330601e+02
1.539335344098520295e+02
1.210146627253216138e+02
1.469482847717651453e+02
1.309331716309858109e+02
1.211968777481454538e+02
1.307025912140219930e+02
1.312799945415569880e+02
1.542297193650405518e+02
1.233455934853259635e+02
1.084995471208938653e+02
1.351574746082455363e+02
1.347909652459965741e+02
1.437867115806689924e+02
1.435203914360594410e+02
1.193981074391537334e+02
1.094457280019644969e+02
1.368247497333846923e+02
1.486154589389062153e+02
1.333341306295166930e+02
1.181107047746083794e+02
9.984252200477378381e+01
1.308362290220680677e+02
1.421015225764681986e+02
1.529490508043838304e+02
1.581075161062059635e+02
1.128846154188228184e+02
1.293553865162348586e+02
1.285871244137309475e+02
1.368776618400387406e+02
1.571005570843417161e+02
1.215418998868434812e+02
1.503780124359924173e+02
1.415495208035004566e+02
1.256360372719327643e+02
1.393875816061039359e+02
1.241246065115424813e+02
1.313270142525476558e+02
1.629025337353211853e+02
1.299212238560829462e+02
1.288025613969522567e+02
1.413158889742329336e+02
1.410343434821412245e+02
1.391705702529486075e+02
1.161523223579606139e+02
1.226195662233797918e+02
1.459541108149113313e+02
1.284693533656345608e+02
1.611119867473193494e+02
1.345908089180469460e+02
1.176329393514352404e+02
1.371692908745559976e+02
1.325926870195575304e+02
1.261375054979430388e+02
1.345853374562778129e+02
1.286983586241513251e+02
1.198068086912186487e+02
1.444695250165719074e+02
1.444106839334096435e+02
1.320632801444925803e+02
1.320880193819756983e+02
1.307914036111676239e+02
1.517039424183952576e+02
1.403182425335298547e+02
1.512610060766462823e+02
1.303610834838992503e+02
1.546257261517451127e+02
1.418774140010012843e+02
1.352595257695834903e+02
1.543368814059519991e+02
1.267379727835325411e+02
1.201698661172178504e+02
1.209252026180397621e+02
1.275734172398447157e+02
1.142841235902894255e+02
1.282017155915108333e+02
1.228655959319320630e+02
1.237816698315308059e+02
1.400351468816438967e+02
1.046392498283130266e+02
1.169374090396803325e+02
1.304523021683417880e+02
1.147156378901831033e+02
1.414880361782383602e+02
1.713325845195528245e+02
1.379878429231019084e+02
1.392994683580934350e+02
1.258069046311459687e+02
1.501383736986974498e+02
1.425054511788119100e+02
1.364353214999331954e+02
1.329930530397456607e+02
1.152401269535866248e+02
1.514553891188417083e+02
1.317610760844368656e+02
1.267521393845504463e+02
1.313319532220313874e+02
1.270065956862436565e+02
1.478225947060411727e+02
1.573374912822857539e+02
1.491640452056029744e+02
1.205221160747219216e+02
1.377703949464959123e+02
1.148389594492212495e+02
1.385222703567466453e+02
1.338651258819298562e+02
1.415826052749054895e+02
1.153539943730602459e+02
1.322790487719794044e+02
1.469646062857227946e+02
1.317096456090979473e+02
1.061876527339968419e+02
1.224138993214863405e+02
1.361829344245216475e+02
1.318108845725313643e+02
1.540396513364199222e+02
1.308711392851315338e+02
1.365291675161094815e+02
1.356108297988622553e+02
1.397788410114905844e+02
1.231893138470713041e+02
1.553963036459387865e+02
1.339714668920466352e+02
1.437558664574374063e+02
1.341465881315935462e+02
1.471671725000131232e+02
1.312084639075103496e+02
1.290894469863635265e+02
1.500557932829736387e+02
1.307810476246294513e+02
1.574241463333897570e+02
1.499616893786879359e+02
1.292449596862942371e+02
1.145112929200999616e+02
1.377168361286468041e+02
1.364566287235136031e+02
1.254459594415470463e+02
1.230450207660049244e+02
1.340144935066297194e+02
1.536004710186552131e+02
1.575949325485284760e+02
1.372320554268495982e+02
1.314761352821106186e+02
1.320002678466976533e+02
1.064024880282233596e+02
1.526594378990737653e+02
1.439608881075323552e+02
1.373540726326526737e+02
1.222609518860590185e+02
1.157434637372389972e+02
1.476722901828337626e+02
1.312957791648061914e+02
1.527112287788901028e+02
1.236664497292274518e+02
1.095819788077536430e+02
1.382056677648151322e+02
1.252412623692225964e+02
1.268207378025349499e+02
1.312741370679605950e+02
1.462244229565297076e+02
1.476618310852735476e+02
1.235164649814080491e+02
1.570968010042776370e+02
1.579699187422828288e+02
1.349997430473274846e+02
1.468453720080908909e+02
1.348921524331983051e+02
1.250969307306396132e+02
1.242953814318570949e+02
1.227400783290735404e+02
1.432159765053201568e+02
1.329829594370835650e+02
1.242875978887599473e+02
1.252684001870246391e+02
1.235555021721257987e+02
1.312619239492436805e+02
1.216075434867785674e+02
1.124857134883936283e+02
1.215514172685854817e+02
1.419026077865418927e+02
1.506709931551297643e+02
1.394438449018342681e+02
1.207622776087522993e+02
1.179726392647164204e+02
1.113538709577920685e+02
1.555228150259223412e+02
1.473728055341389052e+02
1.327200349095297156e+02
1.563218186825907026e+02
1.177582974516721350e+02
1.195639095894914448e+02
1.057725080033506231e+02
1.455506248462144470e+02
1.304360038845439647e+02
1.379312149709285507e+02
1.309798755005324153e+02
1.210208871491191616e+02
1.199289789208249033e+02
1.250957828856606824e+02
1.371562265637330142e+02
1.175734184134533251e+02
1.063399670142543840e+02
1.225594236731483875e+02
1.276021759012583345e+02
1.481474323800825914e+02
1.467536035720991947e+02
1.332238942316386670e+02
1.169276009068784248e+02
1.251505677280860453e+02
1.067213387523100891e+02
1.325129856813447873e+02
1.532412104009655138e+02
1.400652708683236654e+02
1.559116935502151762e+02
1.500385702955090323e+02
1.089988324654343756e+02
1.386575329948712465e+02
1.370381655176816480e+02
1.165951803297843838e+02
1.152353169959619805e+02
1.548868134540264521e+02
1.505962902386750102e+02
1.306438342622100208e+02
1.532992646497124838e+02
1.538785629867111595e+02
1.395872465529263593e+02
1.357348770248304959e+02
1.330929533656590138e+02
1.329696050009461032e+02
1.310260330266332574e+02
1.371586774468254930e+02
1.389590308374547192e+02
1.317372549656809042e+02
1.198512239061187614e+02
1.273553064296845747e+02
1.157227228012805540e+02
1.327683043666139611e+02
1.291186160430341943e+02
1.372555276518931748e+02
1.595503127740500702e+02
1.306951452309390618e+02
1.288368253197343734e+02
1.272055055489901179e+02
1.223861361581954554e+02
1.331730463526656933e+02
1.103532976453116561e+02
1.582607439694159552e+02
1.398342819763767295e+02
1.154391977724637144e+02
1.222726280594597910e+02
1.162116452610083428e+02
1.527915093325393059e+02
1.373031378946727443e+02
1.486324080465017801e+02
1.203315815349513684e+02
1.264661589050412829e+02
1.289707387197468904e+02
1.512957501037055010e+02
1.200991080362178565e+02
1.406335098163426096e+02
1.358172449728297124e+02
1.352945755595780497e+02
1.517258516398145787e+02
1.230587230760851156e+02
1.359117493998743953e+02
1.482787428906694345e+02
1.200072403677600192e+02
1.251062184344255428e+02
1.351585400786700575e+02
1.232692158888078069e+02
1.305629676486267385e+02
1.210641505625170993e+02
1.414560671066441273e+02
1.250149442573418526e+02
1.342795180388931442e+02
1.280818180635021974e+02
1.501823274643933814e+02
1.443216316794215288e+02
1.165684223470218228e+02
1.432162901840052882e+02
1.342397157495821887e+02
1.427549340598786500e+02
1.370841066790504215e+02
1.272205314201669921e+02
1.403442002039581666e+02
1.232901149065709916e+02
1.412600052222944100e+02
1.410427020214186768e+02
1.571361459106699101e+02
1.388188371591939472e+02
1.206443888210993691e+02
1.285082980239167227e+02
1.457665037846421114e+02
1.492259762566185941e+02
1.260822561646013469e+02
1.502916225920355942e+02
1.504570470111607392e+02
1.293613006938628018e+02
1.374370469661919003e+02
1.300601412911460670e+02
1.427911299762986062e+02
1.235586863983738510e+02
1.379880419239675291e+02
1.286345614807939910e+02
1.230707770050084093e+02
1.329274648811315558e+02
1.076185599855529347e+02
1.478138422816212199e+02
1.346676604387392899e+02
1.427615703592396699e+02
1.217316938044441912e+02
1.182532108935993449e+02
1.304545955535410542e+02
1.220678158762175798e+02
1.425894211347523424e+02
1.242444315286902139e+02
1.293748800211785408e+02
1.473572272561597174e+02
1.304962895730042760e+02
1.326864312290310295e+02
1.489689889511879528e+02
1.273385998968708464e+02
1.264633477523296960e+02
1.383189825289904604e+02
1.532808775294437851e+02
1.633191696290094796e+02
1.418734146174629132e+02
1.203113292916702903e+02
1.387262893633047725e+02
1.094858938457471567e+02
1.209114690019656990e+02
1.366963961210472291e+02
1.192894286944151219e+02
1.421254354858035640e+02
1.282978603603365002e+02
1.638047674249165766e+02
1.457897852569759891e+02
1.297469340458054887e+02
1.259761696137308888e+02
1.242052926744738954e+02
1.293756973388589699e+02
1.313593107983950290e+02
1.183477387660485363e+02
1.444867411569989315e+02
1.152957006859051177e+02
1.640711339320157549e+02
1.257976620192682304e+02
1.084559369606286907e+02
1.528946739941835062e+02
1.437054293540840888e+02
1.224187862631684567e+02
1.404867656603043145e+02
1.572636135360153844e+02
1.554002412224102159e+02
1.458730420157439767e+02
1.481602736086447294e+02
1.329105460301193773e+02
1.039977891552976246e+02
1.333745318831075224e+02
1.589870581768031741e+02
1.510344948357244732e+02
1.686175808906826887e+02
1.205288994571948393e+02
1.448313027866215350e+02
1.392032166961278961e+02
1.354747139078657767e+02
1.329321337723665408e+02
1.399301584672346621e+02
1.308285604386680916e+02
1.326810282683248943e+02
1.238786846986571391e+02
1.533094738052835169e+02
1.352812024469965593e+02
1.181218949146925752e+02
1.355246213783998996e+02
1.327982708059124377e+02
1.087883455357435167e+02
1.294438688248372955e+02
1.276688078758630240e+02
1.267562781963791707e+02
1.336267352437858733e+02
1.512316361743398261e+02
1.565945953113379971e+02
1.062906121482541266e+02
1.378178343943603466e+02
1.197755143580425710e+02
1.571601267671898370e+02
1.471831242694694595e+02
1.240851644148571751e+02
1.289750787312366924e+02
1.073415648470702166e+02
1.247047042919651290e+02
1.458559833325437864e+02
1.508531315926437628e+02
1.335562996219232446e+02
1.253300324951872682e+02
1.652233227551382697e+02
9.807124626147262347e+01
1.413669613708057966e+02
1.592390583497379168e+02
1.340946297604021140e+02
1.489271721086219031e+02
1.348822035591317956e+02
1.255171507250050524e+02
1.362577974799337426e+02
1.420161191215339329e+02
1.169959959843078252e+02
1.364869857188459150e+02
1.437171485495454988e+02
1.233226539707437013e+02
1.292380323695527977e+02
1.324243081223485490e+02
1.147143446338284036e+02
1.370411321492834418e+02
1.353934354360513623e+02
1.363517837590346744e+02
1.188763206330666549e+02
1.593676631450518357e+02
1.323930180709392062e+02
1.276864645216420655e+02
1.564412570861934739e+02
1.212872416787378711e+02
1.166168257639724857e+02
1.313697491925963448e+02
1.434991147846270962e+02
1.266712620860780305e+02
1.292417979934731704e+02
1.431508665929279118e+02
1.402945388523495183e+02
1.474585030531397649e+02
1.270572039212035094e+02
1.188740040560000892e+02
1.425240149705509509e+02
1.410445325201184517e+02
1.298912931711705028e+02
1.414560287418642588e+02
1.321078241649145752e+02
1.001500908407059711e+02
1.272379924636445168e+02
1.564919082452714463e+02
1.481431228044449426e+02
1.273925819749410664e+02
1.586264233237376686e+02
1.258128170981913883e+02
1.501815170410642679e+02
1.452948102678526823e+02
1.367782773992200305e+02
1.330103028382320645e+02
1.227308501676856309e+02
1.359098744232326510e+02
1.544391586405785404e+02
1.053367627693137649e+02
1.286463666214177977e+02
1.625172789103780246e+02
1.461512264215160997e+02
1.392734576649737335e+02
1.317029806922876389e+02
1.209827579759113121e+02
1.373869702716899042e+02
1.538449189281359111e+02
1.217940041244947906e+02
1.264500789586327869e+02
1.464081865786218941e+02
1.342064049574337901e+02
1.607972758420011417e+02
1.263215717946442425e+02
1.268246968685220253e+02
1.390528028862121346e+02
1.287888639460784930e+02
1.350214902656966842e+02
1.615755878183834966e+02
1.432105872939045526e+02
1.397375066440033891e+02
1.372905289397076842e+02
1.276324851577188184e+02
1.295742005202053519e+02
1.569087587915099959e+02
1.356324270278480242e+02
1.219883306464381292e+02
1.271962359415256572e+02
1.340459952557934571e+02
1.475654975872113255e+02
1.514261791366990337e+02
1.559118692656631140e+02
1.236004528444253907e+02
1.598313937779320497e+02
1.428778132255356184e+02
1.281567504663649402e+02
1.545523717864752200e+02
1.696273910433749847e+02
1.335813373090531115e+02
1.462124154594639549e+02
1.363156472778719319e+02
1.171705738828945869e+02
1.265777659600768459e+02
1.162606436524853422e+02
1.324014761775290197e+02
1.246353304023778890e+02
1.320666290621933570e+02
1.307669009615167397e+02
1.310160204328976192e+02
