-2.435661615330105789e+01
1.138878720879010018e+02
-2.150527816238590617e+01
3.341054178118459284e+00
1.126503597182156398e+02
1.423844454748783335e+02
-1.623339715954489293e+02
1.834072425253975069e+01
1.794807353244064245e+02
1.008591204853152590e+02
-2.047456863407810701e+01
1.391186718286361099e+02
-1.011876006946749840e+02
1.645798758561564057e+02
-1.843415620028312674e+01
-2.787307094402575203e+01
6.495265875142031575e+01
3.988180679526879402e+01
1.350688439184769436e+02
7.634610390165178728e+01
1.425126894513784919e+02
-6.114107215217375213e+00
-2.810498050825607308e+01
-1.264571270591730041e+02
1.659186945754988756e+02
9.998218223127763338e+01
-3.273886991945734337e+01
2.826845229525243042e+01
1.122689794466631383e+02
6.015508577325054063e+01
1.589250492220065496e+02
2.973944807072522423e+01
6.523411395462680673e+01
8.659080002570455292e+01
2.889372061558107063e+01
-5.278887725237451889e+01
-2.756288364651882716e+01
2.979950143849037403e+01
1.474073419751102278e+02
-4.524804980394963039e+00
1.347277393567434842e+02
9.677144589349107662e+01
1.258661418444227280e+02
1.139441882028576458e+02
-2.699212234345296935e+01
9.053362894350250656e+01
5.417243771654143103e+01
1.286118835761990340e+02
1.485222479864349054e+02
5.010788544833558511e+00
8.392018236792614516e+01
-4.654859289558213931e+01
-7.671174901915555289e+00
7.386709619587315956e+01
1.077787714804184738e+01
8.072939195266273771e+01
1.162547465444087713e+01
1.379219239990325434e+02
1.525540594822781770e+02
2.073479747873891554e+01
4.917900346342910467e+01
3.767676288687493980e+01
1.619194255870274617e+02
7.635619532592008341e+01
-3.746822721595673045e+01
1.352917147133222286e+01
1.551061218076260673e+02
7.593056417370134170e+01
-5.436641244531463002e+01
5.771471264086422792e+01
9.185155879369263232e+01
-2.767856990709733012e+01
2.118795400838449794e+01
4.824493038078441742e+01
5.896833271706965718e+01
-1.027347524658494820e+02
-9.114708479770264660e+00
-1.607588711118133773e+01
8.374600688544809657e+01
2.584444290812110268e+01
2.317476986703035990e+01
1.353034263622853075e+02
8.243357812314232547e+01
6.395679932278837043e+01
2.156589931678364991e+01
1.383943622664085353e+02
1.336866785042685706e+02
4.620807884013112243e+01
-1.179233868012253055e+02
-3.077893591395292106e+01
-3.272228361390751417e+01
-5.066823869899258170e+01
9.990130122736472629e+01
4.592500091653788985e+01
-5.345351878620651576e+01
-5.689621905259296852e+01
1.331790312164280294e+02
3.246250848370227970e+01
6.255500142753053439e+01
1.469828026163302184e+02
1.279886352089963566e+02
-1.630638759128511026e+02
5.630839332792425722e+01
-7.685067724667985090e+01
2.554333562514198874e+01
4.328465447631463547e+01
1.192849903716172975e+02
1.039918681339344886e+01
9.738575575592716405e+01
5.661089803179272195e+01
4.964026554811330527e+01
6.898231404276654644e+01
-2.130813051240766498e+01
3.836969245496892000e+01
3.392080896991934225e+01
8.544251076760650676e+01
3.103417755531361877e+01
1.546381133200484328e+02
1.056925801892567449e+02
-1.612110971624948661e+02
1.341035891054561375e+02
1.177443087070681287e+02
3.387769582006525582e+01
-7.857784946795581504e+01
-3.591704697847327310e+01
-1.312860388784548320e+02
4.379790912615565901e+01
8.066990795595246766e+01
5.118422941805720683e+01
2.132832718742925238e+01
-7.169294523914770423e+01
9.434756280768345604e+00
1.489553970462040411e+01
8.836836147103640826e+01
-1.379577770933764498e+02
-8.650533247291043892e+01
-4.604892947319950025e+01
7.946850300512468834e+01
-6.038764429410964141e+01
1.349491602811197879e+02
7.090567710947475177e+01
-1.654626188350974303e+02
6.736132968577661018e+01
1.136988133460850747e+02
-3.061625778816787857e+01
-5.084351834687418403e+01
6.887475201537387193e+01
2.628604150033769571e+01
-5.458839952294427889e+01
1.678382854541321834e+01
5.255841679407230771e+01
1.228745005922744440e+02
-1.260645947176332555e+02
-1.745339105753302178e+01
2.556717265609584544e+01
6.671918648690868281e+01
1.215372958260302880e+02
1.246261040269659617e+02
2.703753452856126316e+01
-6.738257454621994214e+01
1.565724674540917647e+02
-8.142130138415962781e-01
-1.488825311538934955e+02
1.538457014316838638e+02
-1.118181456041027566e+01
1.395985526801331105e+02
-3.561394668788464557e+00
-2.859897995406356586e+01
-4.403990635366605488e+01
5.059240654319674491e+01
1.116620833238485915e+02
-1.477469259767896972e+02
-6.481383636084298416e+01
5.325159856771814759e+01
3.237706077243731784e+01
-1.358872006840159230e+01
7.904079210377348730e+00
-6.431564654720961016e+01
1.260973940832283233e+02
-2.635860699173512955e+01
-1.100550912613211807e+02
2.437678017079219828e+01
8.762945193816403844e+01
-5.594394240249702221e+01
-1.307522362782173353e+01
1.428145446495975079e+02
1.194761287706444364e+02
9.106760241470969675e+01
1.606881785144812511e+02
1.009394409959647305e+02
1.449695579423480751e+02
8.758055480206397192e+01
5.909546473008337841e+01
1.501477419652352907e+01
5.301909338240102443e+01
3.294614403166557537e+01
7.449407599395843249e+01
9.485114388149770548e+01
-5.192769166563508065e+01
5.992578877342971566e+01
-3.261587918256014795e+00
1.544622684600933304e+01
5.500502675378172768e+01
-5.797179082029851216e+00
8.522657504545503571e+01
-1.506899488680350885e+02
-5.286500694506498732e+00
-5.606476907570488777e+01
-5.208532466289703677e+01
8.350764560619039401e+01
-2.317816270985981930e+01
8.639490865031980604e+01
4.514182281843422118e+01
-1.193513014283690552e+02
-1.562198361396374935e+02
9.801358473962615392e+01
3.195371161091054546e+01
5.152295186788735037e+01
2.339977289890224910e+01
7.775107857749269158e+01
4.131375491924402610e+01
7.866090781722070346e+01
-1.980572458016528614e+01
1.606295059835611880e+02
-1.092956928095038194e+02
4.524324380771955845e+01
2.799949429895014319e+01
1.494395426571255214e+01
6.336403865861562679e+01
5.559011188704316986e+00
3.874940216089891720e+01
7.975337779501899149e+01
1.899050851937916207e+01
3.960245430219130469e+01
5.967880820288793586e+01
1.358470894479447395e+02
3.089871827360548551e+01
2.080831041605766885e+01
5.175351761635354109e+01
-4.291324011749330225e+01
1.165457782221211858e+02
-1.577726946154423615e+02
2.215859244834932085e+01
-5.281418136162069032e+01
-1.137011294538830413e+02
3.904445359103079483e+01
8.929311810633616631e+01
1.291605378810053750e+01
9.342805796054824441e+01
-1.043530687618327022e+02
1.338628617414636039e+02
-1.744065461745084633e+02
1.106579660496337709e+02
1.372144304259246610e+02
1.080922967846124720e+02
-4.686696411554962793e+01
-4.560838804773464261e+01
-1.709441619233521408e+02
-6.053699629440128405e+01
6.236010254531748132e+01
1.062964988507347925e+02
4.696834534490362500e+01
-1.419287018156111344e+02
-1.717162969360669678e+01
1.420107368847586429e+02
-5.812335273728122331e+01
1.127200079894166720e+02
-4.988008154197139987e+01
3.454587563827314511e+01
1.760047122839594280e+01
-4.915928857581265277e+01
9.158628697418259890e+01
7.205214161597511691e+01
-2.170529959516164809e+01
-2.516395365873601619e+01
2.378984250406121248e+01
-9.121010877464172495e+01
1.408654317217994958e+02
1.581182804926451979e+02
8.476022121384012564e+01
1.582517993635651266e+01
-6.745760459543394916e+01
3.384342066955645123e+01
-6.402603004422307720e+01
5.076415459792729479e+01
9.709427022897698123e+01
1.198184555652446726e+01
2.493115582597210533e+01
-1.644751605637314924e+02
-1.315517167873627535e+01
4.013808869931544621e+00
1.736521096313136354e+02
-1.082720831202467480e+02
9.767915404320169159e+01
3.793473385087465743e+01
-1.645894345228004454e+02
1.439576608451249626e+02
8.033026722387710095e+01
6.935131136485769332e+01
-7.921543408124309238e+00
4.507890742807570739e+00
2.495062515874451137e+01
-5.678737345155298044e+01
3.322467519318870188e+01
2.480255485541641214e+00
2.443470184122358546e+01
-4.830447477897659780e+01
6.240838767992563163e+01
1.784835389775165595e+02
7.071824495437268432e+00
-5.062417895817194591e+01
-7.781806777210033488e+01
6.402543413549665274e+00
1.239097512642251218e+02
9.898672692820356644e+01
2.920681911831515976e+01
-2.439061111097518975e+01
-1.415524920380020717e+02
1.789812440385737489e+02
1.588093736242838361e+01
1.247305968490194772e+02
-6.679883148615769528e+01
1.283746838958971681e+00
6.583628772837384702e+01
-6.857103154240505205e+01
7.817546614008298889e+01
-2.636281412908902411e+01
3.593495070652856072e+01
1.100372635768300711e+02
4.343124121241878077e-01
4.255124831567664501e+01
3.876086958067559607e+01
-1.175371174907571437e+01
1.040417119195575424e+02
4.978880783530409104e+01
2.352817806404030065e+01
1.385410372146873499e+02
3.623854172889698333e+01
1.148922864001129227e+02
-4.184749426626845548e+01
-6.990460357985043061e+01
-3.622911830035813807e+01
-5.580681372401920726e+01
1.321097943956254710e+02
-4.639729323744238343e+01
1.725789726662193502e+01
1.393373843034253667e+01
-6.963283593622566769e+00
1.716048262444394368e+02
7.559654710659404486e+01
3.240019108340922571e+01
4.846436292677539370e+01
9.374052532797044535e+01
7.567208688737258626e+01
1.112569026438629152e+02
7.348604372039454802e+01
-1.196493716409008243e+02
2.219526146923882237e+01
-1.728822487220786002e+02
-1.497932995067048410e+02
1.255224123662262343e+02
-8.582702929180186402e+00
-2.166841623294459040e+01
3.948491238653367219e+01
-2.349223036520874786e+01
4.645693145892927589e+01
7.081942177337952060e+00
3.382098920456309799e+01
5.731722800367859350e+01
7.709149565228027257e+01
-1.724015179195195628e+02
-9.231279305650470235e+01
-6.214168173462694966e+01
7.611140020675742335e+01
-4.367175762048800181e+01
1.189636414220435512e+02
6.624911464694936569e+01
1.038334142077031146e+02
1.236850438169403077e+02
-4.359986995884064953e+01
1.008993676968546360e+01
-2.284544186944095401e+01
1.610336650870163169e+02
-4.089389131282661083e+01
3.843909848117330341e+01
7.813943146868211898e+01
-1.204615029197019425e+02
3.178775103849913819e+01
1.195661711475330691e+02
-1.202699555592040355e+02
1.143467110654904104e+02
2.648918387002283481e+01
6.213528866699929409e+01
6.586525949764381949e+01
1.285225137497304502e+02
-7.437854704237001613e+01
1.639935324874925584e+02
3.241754190599186813e+01
-8.263851884192904151e+01
8.568774635580706445e+01
-2.298197749299884762e+01
-1.081743469478741559e+01
8.073871212337874681e+01
6.684248645420213464e+00
1.246309806382602687e+02
2.360522381771479417e+01
9.874631179099876022e+01
4.489292844421192541e+01
-1.929155049948182210e+01
1.337282760504893133e+02
4.845764228045266009e+01
-1.525073943869420816e+02
-1.133591552963435234e+01
1.071464338072511424e+02
7.787930206188839577e+01
-1.077642462233591090e+02
-3.611306725420005392e+01
-6.905908246003926365e+01
1.236078662570779017e+02
-2.006273243306003096e+01
1.278095219872389663e+02
9.044548483166039432e+00
3.632190275183617700e+01
-2.819855007485635312e+01
4.772300059168925657e+01
3.600928852309476014e+01
1.585196984938448672e+01
6.804787381655488332e+01
6.137373599104456900e+00
-6.049424532635109841e+01
-1.546176544152276620e+02
-6.388473985488810314e+01
1.405288063775909961e+02
-6.660878139795160280e+01
-3.874663580426462772e+01
-1.382602033500332652e+02
9.150490409088908095e+00
4.306930618091079910e-01
7.343136599743374404e+01
5.270128057313652903e+01
-1.111617357597238822e+02
-6.272880319269173555e+01
4.109584276351060339e+01
5.224937608142469259e+01
-1.791215128938442547e+02
-4.710865692739086796e+01
-5.638348122174015487e+01
-4.035528416345021441e+01
2.347231224418871776e+01
3.146038340602176220e+01
5.944821353883612858e+01
4.671033509113414794e+01
3.573750674802517580e+01
-1.075093349137902408e+02
7.095240944943854799e+01
1.096902318312110651e+02
3.152889203516626182e+01
1.385362765095542272e+02
-8.410657372610080529e+01
1.189186404090604299e+02
1.321894340311937377e+01
6.837600996525307551e+01
-1.715947273167632261e+02
-3.575819422188269670e+01
-1.560655801362811133e+02
7.103845209272675731e+01
-2.136386662061596908e+01
-5.203719012866009308e+01
-5.591544173557705477e+01
2.895591318721901430e+01
-8.645228491222476919e+01
2.732531482574513859e+01
8.851498754343737119e+01
-1.180106235352843491e+01
5.596466257554121526e+00
-6.198594459226833209e+01
1.151262510430417407e+01
-1.821986333659604496e+00
-4.386190888021705803e+01
-1.374171743523546851e+01
-1.107651372216716226e+02
-1.033503672873346346e+02
3.990167416228310771e+01
-1.681366470503575954e+02
1.119501655019158619e+02
-1.506994378928711456e+02
7.121659460408042719e+01
-4.091626544418754463e+01
1.689175931473737933e+02
-1.597312051251843741e+02
5.955108739043665622e+01
1.573141210051696248e+02
1.210512379598793409e+01
5.664999123192460928e+01
-7.398033101267900236e+01
2.975739100745814625e+01
-2.826574088684298403e+01
8.324336085689330389e+01
6.387734450648299145e+00
-3.207452520569948007e+01
-8.294033854830583863e+00
