1.346528820712951529e+02
1.158156094484447323e+02
1.398288816679520039e+02
1.154754344606095344e+02
1.086430334390992556e+02
1.633970496760998685e+02
1.351082522166283582e+02
1.385715256282981045e+02
1.103682344877669408e+02
1.350691582259741210e+02
1.450029843696914895e+02
1.418370769042113011e+02
1.348851822566538488e+02
1.267129063512224150e+02
1.326942229121374908e+02
1.443467533294184477e+02
1.357909035702292613e+02
1.289118848903763137e+02
1.080641446295091441e+02
1.151656996184798203e+02
1.370557371971823954e+02
1.487939027908893195e+02
1.249900875530420734e+02
1.436767308201870321e+02
1.165803398941902884e+02
1.320685060054066753e+02
1.564227141228594746e+02
1.445292512200698241e+02
1.151966271644933357e+02
1.362303172427920117e+02
1.284784179215524489e+02
1.381802834441667756e+02
1.435518349740664803e+02
1.263030808029886884e+02
1.098738765660667269e+02
1.156188980543233669e+02
1.225220808455562747e+02
1.202912236149094412e+02
1.228159860928624454e+02
1.051953977742889776e+02
1.234561083673656015e+02
1.148653537442303048e+02
1.342422851330777576e+02
1.345842825447815017e+02
1.340796577488215462e+02
1.294388939367585465e+02
1.266132668360228735e+02
1.290879862103265623e+02
1.177188499425082853e+02
1.306716505689933001e+02
1.392334892943517843e+02
1.342906285806400888e+02
1.169803672631521465e+02
1.293393867360299510e+02
1.004830899705875140e+02
1.223325390437419742e+02
1.443748393394518530e+02
1.343216194473098994e+02
1.310169980874731834e+02
1.189334636287792790e+02
1.124801288088796554e+02
1.161370308202145054e+02
1.221455148590223132e+02
1.180202565329433924e+02
1.168886200434031934e+02
1.238120270476545102e+02
1.147260013439033060e+02
1.117813130190035196e+02
1.267923306840219055e+02
1.301681454141947256e+02
1.297510693657821434e+02
1.285580762746557468e+02
1.409892800507316508e+02
1.255780541523100879e+02
1.101004766602352447e+02
1.223559032697327780e+02
1.370642394375047672e+02
1.303907107322402226e+02
1.145608281183367438e+02
1.387917236086766195e+02
1.404788439217436746e+02
1.381256997832203695e+02
1.461866442848042595e+02
9.514909417637855427e+01
1.210148619643428134e+02
1.093872881324911788e+02
1.355618603361426722e+02
1.285690432972276938e+02
1.079721664754761150e+02
1.133773124886811701e+02
1.148949331153603879e+02
1.273371008294451485e+02
1.328415243775722843e+02
1.187252115610825598e+02
1.347767855852853245e+02
1.280659879985742862e+02
1.367972107158521169e+02
1.304719937215881771e+02
1.364904578690618280e+02
1.122742991705793401e+02
1.145116006950234180e+02
1.526818801518884641e+02
1.208622153625651663e+02
1.465283148142735570e+02
1.162931277338390998e+02
1.219278122689840842e+02
1.130000740499056064e+02
1.386209477513486092e+02
1.234081724144954961e+02
1.300589677895054592e+02
1.457115856917325516e+02
1.448021419980688620e+02
1.306235161939881664e+02
1.169522463958250142e+02
1.157687664398677612e+02
1.238234050453672097e+02
1.116004365939895848e+02
1.373594012223214236e+02
1.359997974142862347e+02
1.389298138984580362e+02
1.367638275191945354e+02
1.090612822349502551e+02
1.009467959550970164e+02
1.357084913357988114e+02
1.150727056990474466e+02
1.325058605373020555e+02
1.268262029032201212e+02
1.335213387395871223e+02
1.137180334371587236e+02
1.267143164670667943e+02
1.093063057820753841e+02
1.221617266145905774e+02
1.413037005827540042e+02
1.415040208924523029e+02
1.394450214607345231e+02
1.399805474674989512e+02
1.373282993308034179e+02
1.355650699804035071e+02
1.461765811607349974e+02
1.216077961131450564e+02
1.379733179316465055e+02
1.084795851346286639e+02
1.143239393800058679e+02
1.324841889687222363e+02
1.556105549698766026e+02
1.232901189920910525e+02
1.305241568933395513e+02
1.093362270010350983e+02
1.401509756097850641e+02
1.450605638308324217e+02
1.127200746324125333e+02
1.067154533644208385e+02
1.216401941097560950e+02
1.309386461402135069e+02
1.497254834478268322e+02
1.140339031894242652e+02
1.391611429497836809e+02
1.286090427866742232e+02
1.227421611919109949e+02
1.213715043593293927e+02
1.279227965871185262e+02
1.346424415381783888e+02
1.149286074509897873e+02
1.122038490480036188e+02
1.172108701320209292e+02
1.157987191774725062e+02
1.194848692962852965e+02
1.376365502727427383e+02
1.280560162523375425e+02
1.264167280477512065e+02
1.376576026467842553e+02
1.408345345536949935e+02
1.294727213394624812e+02
1.366436964640186886e+02
1.282537142536828014e+02
1.400612170698385057e+02
1.353239200848997541e+02
1.392875084367526313e+02
1.136443332534413173e+02
1.106037657767084994e+02
1.205487250316867716e+02
1.227563893001325823e+02
1.350246839667511551e+02
1.393767699353944067e+02
1.557672114239502719e+02
1.038459161050947017e+02
1.083032580019454940e+02
1.165173753486675281e+02
1.255370032669840583e+02
1.306638253568011123e+02
1.395110380489803958e+02
1.368680303124679369e+02
1.037833728899253600e+02
1.248505930032688411e+02
1.099435542292332570e+02
1.329273669361544421e+02
1.329535144466613303e+02
9.460355401485294635e+01
1.404851125049493703e+02
1.245305345965217754e+02
1.300105416547600043e+02
1.392025424399880933e+02
1.189513565453516151e+02
1.340046360240113756e+02
1.309381985786645259e+02
1.285698775757300041e+02
1.427347661405790973e+02
1.401335400118663017e+02
1.297027979666437432e+02
1.461242341035114407e+02
1.459892197147564730e+02
1.061963777683767205e+02
1.387582109995299220e+02
1.210182291668089505e+02
1.123450986424143991e+02
1.212791096576408307e+02
1.174284064042670082e+02
1.185809005693165119e+02
1.341722083223774575e+02
1.363897760678604243e+02
1.074568359330797591e+02
1.226486102642714542e+02
1.309105641354670695e+02
1.455175972773259048e+02
1.120931103784488982e+02
1.270946278022019982e+02
9.412548394511235017e+01
1.358811588711250806e+02
1.175927490577978176e+02
1.306099157674902926e+02
1.291996468806474923e+02
9.523641624365347980e+01
1.212714338328769514e+02
1.224708113896993353e+02
1.342246210996819684e+02
1.147254260960236678e+02
1.149181291272429775e+02
1.264670973941245791e+02
1.267441394511861432e+02
1.272314038867505275e+02
1.127341203682298101e+02
1.450288410957137444e+02
1.332005403585370971e+02
1.322502714687559262e+02
1.539922429552601670e+02
1.441070619173135583e+02
1.304150444988912625e+02
1.199177212790386591e+02
1.382257638535391777e+02
1.361177892912716345e+02
1.461317218982645159e+02
1.137897561514311349e+02
1.190741538306965168e+02
1.257965546622830573e+02
1.173534052664634117e+02
1.185006855447586531e+02
1.198997380932338928e+02
1.034094732561289192e+02
1.250553389665702326e+02
1.233154242885164678e+02
1.414471673415278872e+02
1.027549334323661299e+02
1.372663114600557606e+02
1.408828149672301890e+02
1.358665712474891620e+02
1.060460309627429467e+02
1.370188213106503667e+02
1.312158908398272956e+02
9.942412994156408956e+01
1.321308539114880887e+02
1.185636309459634816e+02
1.272854206205357315e+02
1.200831225222501928e+02
1.291920278204563317e+02
1.185777252502259529e+02
1.323221100577218294e+02
1.352341473516233918e+02
1.532216170666741277e+02
1.361897911037232518e+02
1.418698912506185934e+02
1.377193589516912482e+02
1.211728822936957641e+02
1.215348756797121013e+02
1.302174531854500685e+02
1.213321662568314707e+02
1.262793324767350782e+02
1.156161730239454641e+02
1.143370348010607813e+02
1.328757808958489193e+02
1.220579429355875050e+02
1.438950398680123897e+02
1.373806503558194834e+02
1.419971010835500067e+02
1.287364251883082318e+02
1.208549629657093902e+02
1.359996450121800819e+02
1.275179697548801414e+02
1.411531340169451880e+02
1.037452165368687673e+02
1.282663054260478930e+02
1.226875478093997458e+02
1.424662729700793591e+02
1.332797427064201656e+02
1.353508743028972106e+02
1.409845710549114415e+02
1.241177338581814666e+02
1.441551060361617544e+02
1.299266210518176479e+02
1.142573044806315181e+02
1.275451176311161277e+02
1.261506070255978926e+02
1.395325968189660557e+02
1.314639981205995980e+02
1.599220716044249286e+02
1.374578779200106169e+02
1.226993078671985273e+02
1.247223695159235319e+02
1.073082575013786197e+02
1.432787637419680209e+02
1.512940151882552300e+02
1.035746048895248919e+02
1.235701825551073796e+02
1.287275731326490131e+02
1.318593286903983710e+02
1.237107029578187678e+02
1.243895769404817742e+02
1.276375565900555955e+02
1.379710836802190101e+02
1.192142812022116942e+02
1.383091436446695184e+02
1.411104460927999185e+02
1.219336671441681261e+02
1.455709391439127103e+02
1.388294605009891427e+02
1.387712827643896958e+02
1.320018487122777628e+02
1.310024479221274021e+02
1.486247917375600878e+02
1.453477616555951215e+02
1.334567137422621101e+02
1.227940617243792900e+02
1.185314868934341490e+02
1.392039118690603914e+02
1.257474759267964117e+02
1.417694171831419681e+02
1.236419892981333390e+02
1.382256049399779840e+02
1.326081318906443016e+02
1.255090491432009685e+02
1.356208631990503477e+02
1.229439469860031124e+02
1.223967243063426764e+02
1.215049696099092245e+02
1.119993656168002047e+02
1.473565054962749628e+02
1.297803212961630095e+02
1.414698585940383282e+02
1.503258820618891889e+02
1.287211208415522208e+02
1.219989612051047914e+02
1.382269890423999072e+02
1.080671943929271208e+02
1.463427090802510975e+02
1.129808315189847434e+02
1.129458499258230830e+02
1.101457497205764469e+02
1.081453855884221724e+02
1.218863639725504697e+02
1.274481644379952883e+02
1.182947705504597451e+02
1.322465391342290388e+02
1.312379950390269414e+02
1.316704116722837909e+02
1.315387623378327930e+02
1.206513871913289506e+02
1.164803583333812043e+02
1.321181363313034751e+02
1.061157174419160185e+02
1.314185870915790133e+02
1.329394386619413240e+02
1.158177965400302583e+02
1.112400913113661858e+02
1.105661492859006358e+02
1.463734818864596150e+02
1.112093243554700592e+02
1.309066915357821017e+02
1.255900514129924801e+02
1.095321409148388483e+02
1.432226212812356891e+02
1.304151521502829496e+02
1.462608492663887034e+02
1.303828196186923662e+02
1.002932753525235796e+02
1.300653888309144293e+02
1.244853576604205330e+02
1.264096029891010886e+02
1.120997687940779599e+02
1.426743295430590592e+02
1.250127176025053615e+02
1.249602878021611900e+02
1.246118867092826576e+02
1.114300067056219206e+02
1.260982478438872221e+02
1.397188835926320962e+02
1.285658678859782356e+02
1.202815855852601885e+02
1.281664275724475033e+02
1.457963520055700144e+02
1.070400733563747764e+02
1.136305625434252278e+02
1.307029200636818587e+02
1.463267037230209269e+02
1.562979515117110623e+02
1.352356410270537310e+02
1.398311052513366519e+02
1.269804449094527001e+02
1.209668215498305841e+02
1.267708915654684176e+02
1.311113285670320181e+02
1.258855840920242599e+02
1.245732060160013361e+02
1.427284666364930956e+02
1.342234154104937147e+02
1.306391985881565461e+02
9.081653577329261395e+01
1.268809223667391564e+02
1.305203606146591540e+02
1.248003543442620611e+02
1.374180866065886164e+02
1.121986610945743905e+02
1.399866658929902030e+02
1.334564455765187461e+02
1.445494777076092419e+02
1.355649138840391572e+02
1.314772201259162898e+02
1.420564843424092487e+02
1.348332554705635005e+02
1.269249662657225883e+02
1.294008665726866525e+02
1.293118825620765051e+02
1.337123328179270914e+02
1.446401315167195207e+02
1.277919180795568366e+02
1.350450099377206925e+02
1.275516046114250344e+02
1.083657595523724240e+02
1.448076584108422935e+02
1.279839165649481316e+02
1.345116260066764653e+02
1.217010300121063722e+02
9.641516261809630350e+01
1.398761813316529015e+02
1.213627291407565991e+02
1.124870200624156666e+02
1.058949009469713332e+02
1.407195422594066088e+02
1.161909700543442767e+02
1.386686756028067578e+02
1.411839827055065371e+02
1.384479776946255072e+02
1.420615276990289715e+02
1.148048223177488865e+02
1.350133739451704002e+02
1.260952766277646617e+02
1.339015818593968845e+02
1.301645434040601685e+02
1.370647006827097698e+02
1.183146147798479859e+02
1.291692152388537238e+02
1.269104643757939073e+02
1.272224741956263898e+02
1.107297592669300315e+02
1.306122280495652035e+02
1.264047316753452179e+02
1.204499346697336790e+02
1.223642802889252721e+02
1.061668614307318563e+02
1.367403011558858736e+02
1.461850487354780057e+02
1.380800012349409087e+02
1.382740502979412156e+02
1.321847086151526582e+02
1.330555189966015348e+02
1.184824577141082926e+02
1.398159022161223106e+02
1.278811262400389666e+02
1.138929705168706619e+02
1.338356703522269129e+02
1.277230166080615277e+02
1.094810197337675675e+02
1.282527357565305692e+02
1.075367746874401149e+02
1.297539700122364366e+02
1.310349514918751481e+02
1.573707167128494007e+02
1.465531780471106913e+02
1.258942425488792480e+02
1.345888523677397473e+02
1.279339063166425916e+02
1.231317035549555641e+02
1.079753815975035849e+02
