4.161609948851991980e+00
4.060787419266721265e+00
4.105128020984206039e+00
3.741858695755877928e+00
3.934568458511160216e+00
3.578584005901625620e+00
4.029808434958508379e+00
4.436884639529479202e+00
4.153767161878429981e+00
4.091376293575597956e+00
3.934635629720853345e+00
4.322014670728448138e+00
4.128971587014770961e+00
4.137742161067062163e+00
4.242431797513806835e+00
4.205523990553335700e+00
4.244863604119511358e+00
4.191381235628669266e+00
3.640927756994725151e+00
3.758138024525656817e+00
4.148498182453692174e+00
3.888649190829635227e+00
4.257048717236459723e+00
4.332579505079861448e+00
4.142849795141246183e+00
4.198340826014494098e+00
3.900227611965901620e+00
4.172796942464931824e+00
4.097862691007808422e+00
4.112804506200681054e+00
3.673546349083807616e+00
4.098012559567214552e+00
4.361876411370893436e+00
4.137154501026246933e+00
3.645877455440178494e+00
4.480929825209984507e+00
4.206703693556545609e+00
4.033283591645771438e+00
3.797477866517776413e+00
4.232477578090010795e+00
4.127419302362618225e+00
4.090799060922011066e+00
4.113235712181841919e+00
4.024119724557292166e+00
4.010008667442496844e+00
4.233941678716903745e+00
3.593535057415595535e+00
4.170871636511932046e+00
4.532281064437614582e+00
4.235892436008247053e+00
4.179868877136486915e+00
4.212987826633632693e+00
3.996107002394649221e+00
4.253157247168451782e+00
4.216892615547502388e+00
4.251952106534258924e+00
4.161804055567003502e+00
4.220493198906141608e+00
4.088986792142232929e+00
4.213105601937527922e+00
4.165808851153664172e+00
4.267132530114910338e+00
4.143952700757156826e+00
4.037534991395064665e+00
4.089691571432002348e+00
4.340706088337197954e+00
4.137073428373687634e+00
3.485802469018715488e+00
4.440234610252321801e+00
4.144964134043245707e+00
4.145574691940160150e+00
4.113424822899879985e+00
4.459771475802317475e+00
4.043034977915039185e+00
3.999406443167956127e+00
4.053364340432226598e+00
4.216223509692672344e+00
4.410938722855749283e+00
3.554013168450876226e+00
4.048937244192196694e+00
4.073563620655685114e+00
4.113744526946377711e+00
3.669664312634361103e+00
4.006893884067030953e+00
4.444100697786534049e+00
3.880339611978696368e+00
4.079885020020154407e+00
4.051568957711974228e+00
3.945051023516956690e+00
4.200415957561785874e+00
4.220653605780535500e+00
4.138135532740765399e+00
4.065753380626972557e+00
3.508869198558035585e+00
4.059234433547656451e+00
4.053427008385846797e+00
3.994378000734810641e+00
4.191328076542095715e+00
4.316236757178313788e+00
4.193456654145719220e+00
3.981865438732668849e+00
3.940062287662761786e+00
3.998840332623047722e+00
4.120428844945984714e+00
4.172503034389186460e+00
4.037329353923098552e+00
3.937879090196214182e+00
4.213891415716225275e+00
4.017683346292487911e+00
3.550459026833924447e+00
4.392478756514576865e+00
3.961791432587448814e+00
4.112912530619551532e+00
4.118817213259068133e+00
4.255752547782164719e+00
4.280719257751553819e+00
4.097836418905789202e+00
4.091507756514049632e+00
4.171513354774831761e+00
3.772160834939270568e+00
4.160262944734211210e+00
4.269105718735242583e+00
3.941495696465205256e+00
3.864200113150039417e+00
4.137821368401925604e+00
4.284304970078691710e+00
4.158867696842952100e+00
4.231527234207427490e+00
4.463293342763823723e+00
4.068847135366045364e+00
3.851923086924433637e+00
4.087361022608683392e+00
4.388086730422985582e+00
4.034760179711905259e+00
3.568439445640678276e+00
4.405912114384523015e+00
4.360886706447601568e+00
4.093086921408898071e+00
4.159542467856864434e+00
4.119818173251466042e+00
4.248472940021303046e+00
3.910741002209844996e+00
4.108482825256791315e+00
4.256690815466721567e+00
4.298451569854210952e+00
3.534827754569940694e+00
4.371722223146495168e+00
4.117839724196537432e+00
4.207066232963148522e+00
3.894325934153218594e+00
3.779903400372103484e+00
4.068522874184074212e+00
4.167432032480633985e+00
4.195573204583590510e+00
3.821511678967719039e+00
4.142386308136699391e+00
4.128056105798253661e+00
4.221466941664978378e+00
4.400929656065335038e+00
4.085617856912866941e+00
4.098202043116882187e+00
4.181745185386186670e+00
4.278262517534601628e+00
4.099190719259924620e+00
4.163552594996195566e+00
3.569472886669164957e+00
4.121392015829511202e+00
4.147446789441272763e+00
4.260374407930856755e+00
4.092885745861678970e+00
3.955949667596271535e+00
4.130382817723979194e+00
4.121501155194107646e+00
4.230916390991923848e+00
3.984080973873225240e+00
4.272565782374747378e+00
4.002198135780727029e+00
4.268059931771952087e+00
4.088831340190672847e+00
4.181312852231362065e+00
4.230795025893698380e+00
4.242314610504972272e+00
4.187468467198466548e+00
4.043105908467913068e+00
3.624719217087383427e+00
3.565352394794172763e+00
3.855167414076430266e+00
4.141508325529665413e+00
4.099304696164447037e+00
4.096342224369662333e+00
4.106599151545369253e+00
4.167325867740437673e+00
3.707020580575111968e+00
4.202155302159461314e+00
4.113523813491687164e+00
4.268390751515034331e+00
4.043631792702693240e+00
4.262730534654638248e+00
4.143928221606632434e+00
4.076230611700183637e+00
4.084227322256838377e+00
3.992616326746838862e+00
4.142435629528333330e+00
4.195666887701554160e+00
3.720007071126403719e+00
4.463360511893341709e+00
4.377815370845688392e+00
4.099462110270014392e+00
4.083792875477975315e+00
4.368487322559365893e+00
4.343020490952988588e+00
3.793646079036820495e+00
3.943384237206938092e+00
4.238906879538696160e+00
3.667555347789186015e+00
4.047271757351435184e+00
4.264945569824022620e+00
4.173180198704351973e+00
4.188636358599809206e+00
3.996973736061577132e+00
3.332982632232341036e+00
3.927064778159939706e+00
4.409018116450333480e+00
4.335233743769209447e+00
4.159412491129524270e+00
4.155054481629537833e+00
3.622069732766842520e+00
3.717291538562770725e+00
4.070244126322154266e+00
4.235034499716328504e+00
4.251390280341621697e+00
3.942253321934706456e+00
4.236198835061771639e+00
4.009031483508306515e+00
4.252215600105383686e+00
3.831622023606415794e+00
4.125024885869531310e+00
4.207794136608638880e+00
4.171907650009885060e+00
4.251174819134207361e+00
4.143241674629965843e+00
4.323910778929288767e+00
4.148387142749509593e+00
4.094833321313798180e+00
3.796959875617087921e+00
4.055111130637543582e+00
4.161941277070721590e+00
4.165846121852711192e+00
4.333107259854029891e+00
4.267549448954331304e+00
3.918241065901856945e+00
4.070716647800697530e+00
4.146782300209082450e+00
3.899138427209208224e+00
4.254910512552274149e+00
4.190365535792780705e+00
4.271681174851759799e+00
3.764508065706821949e+00
4.000944612648414278e+00
4.442093563735703299e+00
3.547979423635361673e+00
4.007104555894845710e+00
4.026701782540412999e+00
4.324198190481578941e+00
4.127807099463884910e+00
3.943442519960707049e+00
4.175189218222871368e+00
4.221352925536010048e+00
3.867513366175295619e+00
4.241653359433634307e+00
4.335776183853161214e+00
4.121994660031757185e+00
4.475241819372109298e+00
4.242585447755232053e+00
4.052187064883297829e+00
4.156570197806907174e+00
4.107123307455355032e+00
3.766985966387331075e+00
4.066666557573572760e+00
4.077195840225580348e+00
4.490565085692746372e+00
4.307162996290957224e+00
4.275122357980305488e+00
4.286811525881873308e+00
4.078831387232637162e+00
4.195534452360554667e+00
4.082995733758489010e+00
4.137116492954766578e+00
4.202061242442395539e+00
4.170975778880769980e+00
3.542761652821635465e+00
4.062638461018120317e+00
4.074307406103064189e+00
4.183862821286400191e+00
3.943928811050040117e+00
3.543026486015190102e+00
4.399547626568227621e+00
4.146048983869445870e+00
4.109140788689038537e+00
4.025255562678263566e+00
3.820444170489591951e+00
3.889408532505080451e+00
3.935288488792892281e+00
4.515819966361386051e+00
4.138981887835584850e+00
4.157518239389026427e+00
3.945407085374755596e+00
4.216821690925008248e+00
3.909943654030421101e+00
3.590524756107449367e+00
3.923016224704285460e+00
4.163095788213272641e+00
4.146103025118873298e+00
3.452713957565133107e+00
4.377361082825644623e+00
4.100698918629055001e+00
4.161843139187553220e+00
4.355628207447369782e+00
4.202854080237190537e+00
4.068849823207380645e+00
3.608101254536477676e+00
4.300137506891874573e+00
4.209096291744694796e+00
4.102882565484432753e+00
4.208681695029284242e+00
3.528842793079127738e+00
3.789739893755545097e+00
4.029323030371511294e+00
4.030154715903775831e+00
3.965237170730553817e+00
4.046283277047209026e+00
4.371042538485910178e+00
4.039419861547478341e+00
4.387681751570009503e+00
4.274126110942800594e+00
3.909970732610286159e+00
4.228273571401317987e+00
4.115027175449809782e+00
4.137393152360783866e+00
4.118617387912299144e+00
4.058900252262903408e+00
4.217888245010124493e+00
3.975530686672225755e+00
4.181381331463566831e+00
4.206848616451701162e+00
3.715426955839244094e+00
4.182611383603716426e+00
4.117250221892157391e+00
4.270230583331596996e+00
4.303944501445463366e+00
4.201364824597038528e+00
4.079727717323946123e+00
3.620040932881095408e+00
4.161563026778643426e+00
4.104437337857700818e+00
4.017071575185957144e+00
4.162067096539093569e+00
4.099768515061654739e+00
4.039339602758363235e+00
4.166017418310351772e+00
3.600768448995458115e+00
4.195249014208491722e+00
4.045687134280755437e+00
3.779015250553491523e+00
4.141047096621115031e+00
3.942643295155581207e+00
4.106930076299475374e+00
4.170272024681930922e+00
4.076899907304117221e+00
4.287129858561177009e+00
4.075802344543540734e+00
4.164534509480829705e+00
4.272427723999437710e+00
4.154239655556859034e+00
4.103897077582246311e+00
4.111794835627442524e+00
4.209484842669486859e+00
3.463804992464958765e+00
4.201766659452774277e+00
4.364701263228791817e+00
4.184209759289219122e+00
4.145688260779969880e+00
3.975724588395929349e+00
3.935516049369511382e+00
4.083619385749962305e+00
4.208873485580610918e+00
4.224155880075611158e+00
3.809447190038456554e+00
4.446610818896122197e+00
3.942363108620306367e+00
4.151063574478256690e+00
4.232896856520750539e+00
3.807724786378015036e+00
4.207423490174402758e+00
3.987386732480453055e+00
4.135307002018355327e+00
3.810129850839431676e+00
3.663147964923563205e+00
4.171648121284985855e+00
4.021473285904575867e+00
4.509257629243537124e+00
3.679636489910759423e+00
3.771684762618189080e+00
4.345280420268377242e+00
4.113360193833067058e+00
4.196337000822249585e+00
4.215366551405266726e+00
4.152352378116008325e+00
4.250627382763622286e+00
3.852026393287155681e+00
4.126674616442600474e+00
4.033264985332461805e+00
4.182708814707672751e+00
4.128155576315538866e+00
4.198761739171740004e+00
3.996447936642239185e+00
4.020072004540805821e+00
4.250199525022166469e+00
4.149884660761280486e+00
4.078618443228037904e+00
3.815558257106908435e+00
3.955161433968758189e+00
3.954744597875081702e+00
4.169840477350717833e+00
3.959676506453032818e+00
4.250860158180065795e+00
4.373148096242284844e+00
3.398479069967418997e+00
4.166452897329840255e+00
3.847906513060635358e+00
4.127571353376305652e+00
4.137753569041660029e+00
4.096805010708812311e+00
4.226044824682628764e+00
4.325042738296872358e+00
3.727977082800094877e+00
4.310966287723135615e+00
3.574739793621197759e+00
4.164004613479892924e+00
3.349881418638489095e+00
3.975868885292315191e+00
4.479192979909837113e+00
4.535393587820299111e+00
4.225052397175596219e+00
4.227680623949799710e+00
3.999265817371531195e+00
3.996236599981697779e+00
3.862638986134169894e+00
4.080200937334979905e+00
4.502690534598236205e+00
3.745460585174427592e+00
3.954452205707799095e+00
4.088988841491019599e+00
4.352482592747382917e+00
3.604888399164475565e+00
3.947114195142303661e+00
4.183635244268914199e+00
4.019335145415407595e+00
4.411612947089223802e+00
4.476396672654476383e+00
4.122609169544571905e+00
4.366821562987596828e+00
4.156442728924178986e+00
4.048994628725754552e+00
4.067482569620780808e+00
4.215054651362212468e+00
4.157182551729457387e+00
4.284222882514922226e+00
4.191927931737359891e+00
4.187187091461518129e+00
4.177118818972806125e+00
3.669496876944790653e+00
3.790664964689616223e+00
4.169460891900822475e+00
4.246788856077674978e+00
4.110443490531073607e+00
3.617494462074257733e+00
4.287040130450801456e+00
4.249231058947169792e+00
3.613982384316096752e+00
4.195197328001986747e+00
4.185208228974182987e+00
3.599862825017665191e+00
3.949957795500528945e+00
4.125853929536473785e+00
3.809628064776973577e+00
4.490630039161713327e+00
4.236870456560768439e+00
4.208787366178823319e+00
3.478990064783753500e+00
4.235907703399510282e+00
3.906835995712507170e+00
4.307913943569931625e+00
4.097957400465309874e+00
3.945458941031731559e+00
4.196707159186284564e+00
4.261300708961909933e+00
4.243796762255150234e+00
4.202583215016379548e+00
4.083546453817680444e+00
4.268799626991218510e+00
