3.013800582841066777e+00
2.956478548217429836e+00
2.992349418217955748e+00
2.654495633001855648e+00
3.117112367913654758e+00
2.743783819648617950e+00
2.803435331398559160e+00
2.955258370858241168e+00
2.370553744333862234e+00
2.867088085828129795e+00
2.809079268134194951e+00
3.179421947094167145e+00
2.590716071250721786e+00
2.862661984052384145e+00
2.714578419573719259e+00
2.979541183480845845e+00
2.691995783022769650e+00
2.633079751542221292e+00
2.887639829872459707e+00
2.990789637510273824e+00
2.756060000579148905e+00
2.661661646409310134e+00
2.722836486452422378e+00
3.207072916093004711e+00
2.609560445767994619e+00
2.733321122666028558e+00
2.939330738045852431e+00
3.028684666081149945e+00
2.642167003193289787e+00
2.976297356826342000e+00
3.064611093328529989e+00
2.790434457732372753e+00
2.849106228376656613e+00
2.410154698579299204e+00
2.861138237052612165e+00
2.495491572421353332e+00
2.736940936815483116e+00
2.503874244534121996e+00
2.788322838482136135e+00
2.440863922293551980e+00
2.903883449829562480e+00
2.754825666916150606e+00
2.730810872347340101e+00
2.627737683700885452e+00
2.482914697084061206e+00
2.690000546791385894e+00
2.788568157352986354e+00
2.768216480881372288e+00
2.464310315949195029e+00
2.650275956756062534e+00
2.847316826528774936e+00
2.885016961554730752e+00
2.656322049953060649e+00
2.876768145762496065e+00
2.511194639587437383e+00
2.610794513007102857e+00
2.826799332576784174e+00
2.412370230139735838e+00
2.972762993781790986e+00
2.445256092961764605e+00
2.957427064812549578e+00
2.472310617153058665e+00
2.694652048485097318e+00
2.476750251665657654e+00
2.489559376669553181e+00
2.872656918597848552e+00
2.547853392363650826e+00
2.820101951798135609e+00
2.766894683088537921e+00
2.603574381047152997e+00
2.479466168178296126e+00
2.402425193813090942e+00
2.876989601349573267e+00
2.721549319747295304e+00
2.986707295227800874e+00
3.265167728660264501e+00
2.846474964674992059e+00
2.911173559226582608e+00
2.802580322015497671e+00
2.720999793548423806e+00
2.363465277317211122e+00
2.913418341024767155e+00
2.617566103282397361e+00
2.489587930261980553e+00
2.448249062294600709e+00
2.912798065587940854e+00
2.722911561788726953e+00
2.903346713451536054e+00
3.107786419535496947e+00
2.548512932673127729e+00
2.637568695123414297e+00
2.988582543947874814e+00
2.493878671842754358e+00
2.685842355786205449e+00
2.825246338402773283e+00
2.576012476033105347e+00
2.810962324422617620e+00
2.601114627467876694e+00
3.020490143368883551e+00
2.730010234308857253e+00
3.069296232661973711e+00
3.123526684768955342e+00
2.784976925584444096e+00
3.113314119895193244e+00
2.790391584633804545e+00
2.633093632845468157e+00
2.845483143286001493e+00
2.651931904559726938e+00
2.830115459983963522e+00
2.861241075943953494e+00
2.961772789241008397e+00
2.629519417131457093e+00
2.628588473021772565e+00
2.519398373768780619e+00
2.354415753225975294e+00
2.527037982790538706e+00
2.881902786129332927e+00
3.053087749033644549e+00
2.525866852587729472e+00
2.891762838800933988e+00
3.090814565902009647e+00
2.543468642187596274e+00
2.413491633534917913e+00
2.665067092747952504e+00
2.510717640901767744e+00
2.889724952663196511e+00
2.772437463279810554e+00
2.747315918264433332e+00
2.785960369971006934e+00
2.788406404875845457e+00
2.991679282644491789e+00
2.897090663561183721e+00
3.058455859905972130e+00
2.846093928071759649e+00
2.606556874961121206e+00
2.654528151459778496e+00
2.804205725941766758e+00
2.702698853670511436e+00
2.907392613763568168e+00
2.593615241494793722e+00
3.003483616175020465e+00
3.003636774241946306e+00
3.055107632088625902e+00
2.946094392983849897e+00
2.568774812829478726e+00
2.793030185020274114e+00
2.733428798277624416e+00
2.416979785827768179e+00
2.660374447334826975e+00
2.538055095584240917e+00
2.638683354626665700e+00
2.519949429382051687e+00
2.608634014332021689e+00
2.790987983035906339e+00
3.038410911978726148e+00
2.634799886481988818e+00
2.890138289608795041e+00
2.786890094035169962e+00
2.504427322622452490e+00
2.880698651941891786e+00
3.006107839322303743e+00
2.672597344607993808e+00
2.583403656597680342e+00
2.484168381847671636e+00
2.447971956478297795e+00
2.812018992081076529e+00
2.545710481159010996e+00
3.175827232858924098e+00
2.501351678037536441e+00
2.642619478451011528e+00
2.543208623874821939e+00
3.035194085939381115e+00
3.065448484294889031e+00
3.184014940065500010e+00
2.537305453093990693e+00
2.957536984027947735e+00
2.395019471059029570e+00
2.587074765328839732e+00
2.367936730932220346e+00
2.490691042388010423e+00
2.932572381525911709e+00
2.603765594458823607e+00
2.827920573424459683e+00
2.542590747786154459e+00
2.911193154020032203e+00
2.603544944915249015e+00
2.805218570567063807e+00
2.643314792721231044e+00
2.826617862628695299e+00
2.538711104980096334e+00
2.975684426117691128e+00
2.760688545655620718e+00
2.473639529352536837e+00
2.822476835934735639e+00
2.856165465731111741e+00
2.819502663306731272e+00
2.659450829934559835e+00
2.673639920104443846e+00
2.680378704298147508e+00
3.034617310222094133e+00
2.732054698417682115e+00
3.099086277891816454e+00
2.389065787117790052e+00
2.605487771942119668e+00
2.642434500168876266e+00
2.452360600079661612e+00
2.838319377107502373e+00
2.721584028510386055e+00
2.360830272210865832e+00
3.174031092265597653e+00
2.894369917199917541e+00
2.683474930713820594e+00
2.958239435136833961e+00
2.710702985434392698e+00
2.560464734686382471e+00
2.921362324202605443e+00
2.714958197871271572e+00
2.946911425504909143e+00
2.541313119625990602e+00
2.710171307886563685e+00
2.794917396158764777e+00
2.822010107169338422e+00
2.623504638588847193e+00
2.871875835785940634e+00
2.782928287681777579e+00
2.641264499734764737e+00
2.868331515494563000e+00
2.510106270699639985e+00
2.607244768533637291e+00
2.627595041323019576e+00
2.948968883696635679e+00
2.641864895475664277e+00
2.662063178315505763e+00
2.899816700416735227e+00
3.150434781741823453e+00
2.808370960526869187e+00
2.785827428420632579e+00
2.399169197488458138e+00
2.696488437147706918e+00
2.842313725124769874e+00
3.045731801264676353e+00
2.750222537409585222e+00
3.014704398081641923e+00
2.613005421414759333e+00
2.779394009487946349e+00
2.770771994104799241e+00
3.077652541358429250e+00
2.734928759778829210e+00
3.033304065572384189e+00
2.950359328119676494e+00
2.800552580251622459e+00
2.388647846668576769e+00
2.975855353218379129e+00
3.023059391727105361e+00
2.580493983986749562e+00
2.653078391324522833e+00
2.859331908281192991e+00
2.831990567138130022e+00
2.671969073947369377e+00
2.876865996152514260e+00
2.752402387134974315e+00
2.728671101760999029e+00
2.855000375150154479e+00
2.684523000170110141e+00
3.168356559736772660e+00
2.456147056734297340e+00
2.796432417857380948e+00
2.873901749432830055e+00
3.055615369091956968e+00
2.414769350958504202e+00
2.520387865977004260e+00
2.448702103790086237e+00
2.412790618438855006e+00
2.870539266608683526e+00
2.643077306447583208e+00
2.916060342842405451e+00
2.910353026722495962e+00
2.786136234318874472e+00
3.260275463396498541e+00
3.161977919114373314e+00
3.029443732400183720e+00
2.540911685331322278e+00
2.566092112144555681e+00
2.460005105544282422e+00
2.933326035533041942e+00
2.552606321695204628e+00
3.009497025494878297e+00
2.744246007373224217e+00
2.756330283004664317e+00
2.671744459213260203e+00
2.640306981928023156e+00
2.654060012415776271e+00
2.880754338289217564e+00
3.101903732826907234e+00
2.543459669610214302e+00
2.544785023886543041e+00
2.562869116332430419e+00
2.951594962190720040e+00
2.594996390841730616e+00
2.709064698489715539e+00
2.666568547416094503e+00
2.489671013502295249e+00
2.914060438667811059e+00
2.413733853964520559e+00
2.628789398226734964e+00
2.849294777977445570e+00
2.651633209075568320e+00
2.483625145668023837e+00
2.529379777618253833e+00
2.813498224220834398e+00
2.353756878068646863e+00
2.975390319135921668e+00
2.717671874008113608e+00
2.855804725155305146e+00
2.619915218083321840e+00
2.583585053639311013e+00
2.878941722693383998e+00
2.773151768012350527e+00
2.847667922463557488e+00
3.054972381333188824e+00
2.901657096543355241e+00
2.535012390989247244e+00
2.540946518364858520e+00
2.796658747839633197e+00
2.620049151189371539e+00
2.656984197696296235e+00
2.983470921453017066e+00
2.620204546983619931e+00
2.724242108034889309e+00
2.486836139914352373e+00
2.600370063116291153e+00
2.549204443684852883e+00
2.725459770208192190e+00
2.638445131387488374e+00
2.983397790099958868e+00
3.266697977523935759e+00
3.000024651568284018e+00
2.785842188861658020e+00
2.767608994573569348e+00
2.690450630240615038e+00
2.546441517302271418e+00
2.871524628697902592e+00
2.739812235669417451e+00
2.728771406848046421e+00
3.044655480301543538e+00
2.728158475348462009e+00
2.545656076502217147e+00
2.878301299717074713e+00
2.605582645194008951e+00
2.393002442081866299e+00
2.611392592799905099e+00
2.838157668126411348e+00
2.578923514051665755e+00
2.488593906674811063e+00
3.013375495048287611e+00
2.697307857002985809e+00
2.907406407236238000e+00
2.718843016430064541e+00
2.470336019991377974e+00
3.155068280327398611e+00
2.985198439814711779e+00
2.758146556435690400e+00
2.644478759815658719e+00
2.960669143821852867e+00
2.424458978865779990e+00
2.541882430866904574e+00
2.528314587395910529e+00
2.490085357099054875e+00
2.755813582428619402e+00
2.338103623266571507e+00
2.612957414311984028e+00
2.606599545442851440e+00
2.471098376903650085e+00
2.773097322093435402e+00
2.644053620833253682e+00
2.436454762918461192e+00
2.752265697717243942e+00
2.676642011397076359e+00
2.459965584986771869e+00
2.980372220590846055e+00
2.466235323239746702e+00
2.471750161617381369e+00
2.530618713498150818e+00
3.044062243181082650e+00
2.523933949575381419e+00
2.485771994328435763e+00
2.696431485304295439e+00
2.537320132305330045e+00
2.784228077879339569e+00
2.626614834628492989e+00
2.702306689730215705e+00
3.092472891145972014e+00
2.708142566353653358e+00
2.444236420417715383e+00
2.870460619563490301e+00
2.598342304922446111e+00
2.975264298676542740e+00
3.147562382770758393e+00
3.035138164542849015e+00
2.832562141495417851e+00
2.498988638556760122e+00
3.059927037769329061e+00
2.789742803398861160e+00
3.080814785249458509e+00
2.964066256315939896e+00
2.766091401135488237e+00
2.692766782974508999e+00
2.652624159350806199e+00
2.466244486387419776e+00
2.752776361049029674e+00
3.062097640859829717e+00
2.728562967573035181e+00
3.270977985508195740e+00
3.076200164550007887e+00
2.916841672734501678e+00
2.800544737893988056e+00
2.741626454987229788e+00
2.692675315051955121e+00
2.845271001867117899e+00
2.487961446450479119e+00
2.915191898823273231e+00
2.702192460925758599e+00
2.755395764370264455e+00
2.606968230895271077e+00
2.719195824453450872e+00
2.652699067608132566e+00
2.439835903469151024e+00
2.537511638147341930e+00
2.861498233295737936e+00
2.776550794195537186e+00
2.998824641961239656e+00
2.697055452458050784e+00
2.904824093742846003e+00
2.693011720050333402e+00
2.683064695897183327e+00
2.751234170013494129e+00
2.879174268949418636e+00
3.036139750528472181e+00
2.811612820842750882e+00
2.381675325759802675e+00
2.888704610744447621e+00
2.670366316161841169e+00
2.839108634256717334e+00
3.061521168919761671e+00
2.470163505309025176e+00
2.495584306390518314e+00
2.695767840280442140e+00
2.564398316626959939e+00
2.425966246555721462e+00
2.568065252482159444e+00
2.539174002568553856e+00
2.601854903173388411e+00
2.879639323903375292e+00
2.861819297649034866e+00
2.561910971970068118e+00
2.374478205370689654e+00
2.597981941525330463e+00
2.981476642290363799e+00
2.786044252018645473e+00
2.774701225193301202e+00
2.500596829256443776e+00
2.535795574411251696e+00
2.879814506942342422e+00
2.538786188299250846e+00
2.734557806979214689e+00
2.676056655132880824e+00
2.512684526338390345e+00
3.010388869049195559e+00
2.727782945944255744e+00
2.547318839423143633e+00
2.749275177987234642e+00
2.795341654364024819e+00
3.093938387272851198e+00
2.954355287707866484e+00
2.705926776147169033e+00
2.507763260991120902e+00
2.916126382470604295e+00
2.675034443718128152e+00
3.149370126108342216e+00
3.054395244362596795e+00
2.807248271909563719e+00
2.590448785273395949e+00
2.647392007791252944e+00
2.661044480292241499e+00
2.934697158504023129e+00
2.685839738060167736e+00
2.864117030536370567e+00
3.146188313268792669e+00
3.052936143540239566e+00
2.664088626365128221e+00
2.739392764698280747e+00
2.533369026507079624e+00
2.577219079258515677e+00
2.552960711325956922e+00
2.446686938650664001e+00
3.260687917887325593e+00
2.328968157986544441e+00
2.833952287040785389e+00
2.997674699439763391e+00
3.018191543509953334e+00
2.355468354852193080e+00
