1.294924910904223339e+02
1.266059705105316056e+02
1.235842751200614913e+02
1.195693162108655940e+02
1.348458450299224012e+02
1.504818796607533216e+02
1.490102729003365027e+02
1.247294499595298447e+02
1.506193852984300463e+02
1.237151533471982674e+02
1.139359864780833078e+02
1.561032700887233773e+02
1.518960344201720147e+02
1.528085213861812974e+02
1.276462555926236746e+02
1.191885460275328796e+02
1.174686540381607642e+02
1.237728281126755689e+02
1.338408216526022443e+02
1.239768148274864643e+02
1.449508451047662163e+02
1.229860758336669306e+02
1.320272490495379145e+02
1.480456301992107910e+02
1.418427644844721840e+02
1.278366038071600599e+02
1.233824679719975279e+02
1.196941849703288767e+02
1.311748580419056225e+02
1.152394039375969044e+02
1.559049001436740127e+02
1.205134779579937998e+02
1.343282215568112861e+02
1.296139365234369336e+02
1.228932032912239407e+02
1.286455533160269056e+02
1.194329471928120654e+02
1.206307666734011832e+02
1.487525996313218286e+02
1.168104652025319439e+02
1.421225819461104720e+02
1.275447429024891051e+02
1.471190376113314358e+02
1.359935148625704073e+02
1.193342397401201680e+02
1.330798087584264238e+02
1.274990917842467439e+02
1.315156252714023708e+02
1.389931415144419304e+02
1.236149604401744284e+02
1.231672271955070954e+02
1.288470897350061932e+02
1.196247969487024392e+02
1.186214511963484313e+02
1.174080793948380403e+02
1.221994495748819958e+02
1.205817793018931212e+02
1.484756732282812379e+02
1.448039787436171650e+02
1.207994722266491152e+02
1.210943158526957859e+02
1.236030359855514433e+02
1.440148540811969440e+02
1.076431816384255029e+02
1.207308222689606225e+02
1.223371265256302252e+02
1.375769976607832632e+02
1.215916494533967409e+02
1.360832096353323379e+02
1.299130576211852031e+02
1.334836069274591921e+02
1.178437218520690237e+02
1.110467555357233351e+02
1.226908549154601360e+02
1.255976193883024479e+02
1.438174463481619796e+02
1.228747811645991845e+02
1.215205083541139004e+02
1.240717517735140945e+02
1.185160637182105035e+02
1.200370000438697815e+02
1.551989184876284753e+02
1.332731288036420381e+02
1.162946704683233605e+02
1.272759180070426055e+02
1.304846322141457620e+02
1.523635720320140194e+02
1.186783437729763477e+02
1.556906187325337498e+02
1.419584241902817894e+02
1.235926874860687832e+02
1.354272203333753453e+02
1.467502399605730830e+02
1.175418540177153091e+02
1.302309342326225305e+02
1.317272741456051790e+02
1.487085640709573511e+02
1.203546992940390794e+02
1.334685753853634935e+02
1.384162667973292287e+02
1.253508229123897308e+02
1.458400390497228614e+02
1.213698004469554661e+02
1.400046485842445634e+02
1.204203190750830998e+02
1.261900390006019563e+02
1.376547076322322596e+02
1.154977348771616334e+02
1.368321570870712378e+02
1.218467233372886369e+02
1.231776475822498043e+02
1.265777999813757049e+02
1.199376919566455513e+02
1.203860646041855773e+02
1.206756412784520336e+02
1.250877525967315194e+02
1.191745700504085335e+02
1.477218043224505095e+02
1.413708616568441698e+02
1.358405643501557734e+02
1.501593617702115750e+02
1.290913258000247481e+02
1.211131575691903777e+02
1.228717762405092913e+02
1.269853571147873907e+02
1.545990260603966533e+02
1.159917933745117438e+02
1.280788938636644900e+02
1.260746249188394330e+02
1.198645946569778431e+02
1.379567061871258886e+02
1.233479523631600188e+02
1.207507409368585058e+02
1.302975693131861590e+02
1.435686408707194062e+02
1.505460169788911173e+02
1.328309991943592081e+02
1.340774519676670025e+02
1.292510585842754836e+02
1.479092076065143715e+02
1.307734575676078350e+02
1.557953832807527306e+02
1.170404910994068644e+02
1.373022465079530150e+02
1.278129066713892144e+02
1.345592052620764605e+02
1.248347559478323063e+02
1.298991763655037914e+02
1.206972801588042614e+02
1.231845720718140882e+02
1.244864928967510167e+02
1.225985048480275026e+02
1.566073740072125702e+02
1.265019824284908623e+02
1.214942634400839978e+02
1.254677400066951520e+02
1.404857082782980626e+02
1.392037341547493270e+02
1.117059574475562300e+02
1.344309388360206867e+02
1.390158133679405807e+02
1.240922571097524809e+02
1.446219303320406198e+02
1.342227434758514164e+02
1.369835878716248487e+02
1.445269031010051037e+02
1.218407091650179268e+02
1.197940831816437282e+02
1.290551091509336743e+02
1.219842116361343045e+02
1.430651348804394161e+02
1.511743596489505990e+02
1.326552510453691411e+02
1.111468905769692839e+02
1.154926006288725233e+02
1.179843874022361092e+02
1.199144490391762758e+02
1.274366670161571307e+02
1.294959296893863154e+02
1.301955019043157051e+02
1.352784748162093535e+02
1.259293919523589693e+02
1.301278281019014287e+02
1.294313195228243103e+02
1.217709115162307825e+02
1.370294920730252670e+02
1.300053830437725537e+02
1.308112495814883403e+02
1.574058016746647581e+02
1.351080683416133468e+02
1.450980173261644950e+02
1.268140829375678891e+02
1.186183894181071423e+02
1.199224870031449939e+02
1.227104119526914445e+02
1.246312255139600751e+02
1.347955610310507666e+02
1.292947939218660167e+02
1.213969507277246862e+02
1.190672143997689574e+02
1.256048772532334254e+02
1.085300950680846483e+02
1.208053884391108852e+02
1.158376130896638045e+02
1.436282772197158124e+02
1.460642128396550845e+02
1.236212882880790147e+02
1.302291628470449325e+02
1.256844545596527638e+02
1.335759065652388529e+02
1.292482626389561915e+02
1.211393842526980507e+02
1.266787306699716567e+02
1.458597072435305506e+02
1.512445890581990966e+02
1.219150334375845119e+02
1.215375081928567909e+02
1.194918685372128380e+02
1.184479554600870728e+02
1.247525653485052999e+02
1.245980618107469269e+02
1.202744081027339291e+02
1.245930294883429070e+02
1.431095836723734465e+02
1.529309364952463852e+02
1.275891764548407679e+02
1.236188153278520758e+02
1.230862441500509163e+02
1.283272088012127767e+02
1.195280141333660282e+02
1.365664791304827759e+02
1.249045351043474739e+02
1.221699324192392311e+02
1.175225284802990586e+02
1.294854418304230705e+02
1.336142575372214196e+02
1.230810269961040149e+02
1.178136912446983757e+02
1.175134676752824845e+02
1.355199127991666899e+02
1.264986389349479907e+02
1.499492478584233197e+02
1.254683605981325769e+02
1.155257482049680959e+02
1.361374306998418717e+02
1.150943608721011486e+02
1.449036912315925179e+02
1.167357808092509686e+02
1.390819721738969008e+02
1.451648621657869285e+02
1.509289559822252897e+02
1.437069294135659447e+02
1.338748276081276742e+02
1.536894694050262160e+02
1.307406359290498870e+02
1.356059919490246557e+02
1.287641792490605326e+02
1.496363270121861717e+02
1.337842527339101366e+02
1.241440352988656741e+02
1.320037513177010737e+02
1.217639342474440127e+02
1.485333157996589648e+02
1.220133587181248060e+02
1.512277336112819910e+02
1.334775590353137602e+02
1.380846582141271028e+02
1.288714084109403473e+02
1.237604216628013916e+02
1.246698917420587520e+02
1.213288918225561730e+02
1.390776864054759585e+02
1.155825593252116192e+02
1.114645299081620493e+02
1.134521827553283657e+02
1.284324830957006327e+02
1.397648122402712829e+02
1.450560917999695789e+02
1.525303957401809214e+02
1.334613621374597585e+02
1.193366744309257541e+02
1.377100449102184712e+02
1.219296189913791579e+02
1.231710785958537286e+02
1.222792725577193238e+02
1.318494617992534188e+02
1.246761454594768992e+02
1.182537052099346084e+02
1.505075221296164045e+02
1.182568223633858793e+02
1.187180870828454715e+02
1.552955713333000745e+02
1.367396583125468794e+02
1.355477946960366467e+02
1.236240114972029858e+02
1.424712846680453424e+02
1.453338297001016315e+02
1.255177968728938112e+02
1.200236159590111384e+02
1.203695336258746238e+02
1.209084399102712126e+02
1.212445074537185405e+02
1.242171943148583608e+02
1.255957252274626228e+02
1.280554524273268555e+02
1.283479509472064706e+02
1.214810196052750371e+02
1.239935282262470793e+02
1.466255378747855218e+02
1.228606032076893086e+02
1.178966031166267072e+02
1.451054011995150859e+02
1.258867769974685160e+02
1.509846209961146428e+02
1.469316699719930170e+02
1.258874387937511159e+02
1.201005685700611849e+02
1.524481964585911840e+02
1.557197784411414432e+02
1.230088744965497511e+02
1.233840057706852633e+02
1.468291024966203508e+02
1.260831815985766298e+02
1.155555245024218181e+02
1.244206415762763669e+02
1.511015442720229487e+02
1.228801772717929595e+02
1.222919247050984950e+02
1.341610201371810263e+02
1.218984067151826878e+02
1.228723048395298463e+02
1.259591943217497345e+02
1.164919099647094356e+02
1.428084652258656035e+02
1.236573490787396139e+02
1.245901546050279904e+02
1.478670372335893433e+02
1.237163316715678150e+02
1.362044297698371906e+02
1.237288426145168643e+02
1.324362500982453810e+02
1.267495436834373379e+02
1.217245669202075220e+02
1.462546887142911203e+02
1.370992051203952258e+02
1.109264819157620394e+02
1.210286184337432758e+02
1.236761422832050670e+02
1.499266140857322398e+02
1.339315157572821988e+02
1.145251979677270384e+02
1.129675818457483985e+02
1.352811636185920179e+02
1.166107312451670168e+02
1.520186026541588546e+02
1.232202477853323188e+02
1.499125030643901937e+02
1.212048549594810112e+02
1.477192272528693593e+02
1.558734497294007326e+02
1.503030430198282659e+02
1.394921227684533562e+02
1.214099866119541105e+02
1.292032782330433065e+02
1.293504002685399996e+02
1.213327979678832520e+02
1.142942210905547427e+02
1.292124676271904207e+02
1.254624022794217950e+02
1.302229275804958775e+02
1.507076314066412124e+02
1.333840842632505996e+02
1.233437947306156985e+02
1.341253654041420020e+02
1.205764757404001699e+02
1.284668933074096344e+02
1.303310750192343903e+02
1.257909423259903861e+02
1.347809809008660977e+02
1.228762531672881266e+02
1.278668015552807873e+02
1.374444138685694270e+02
1.390509373849420740e+02
1.254599410900942047e+02
1.173500044096313957e+02
1.186932126538770262e+02
1.544179703675538917e+02
1.214767468961938874e+02
1.440458038290065872e+02
1.443532280539345436e+02
1.444538845360229686e+02
1.107881670135404022e+02
1.198490956982493714e+02
1.375670712188956486e+02
1.368910429409980338e+02
1.318714213761937799e+02
1.472052236813888442e+02
1.246628537602123998e+02
1.324197512457716925e+02
1.245200639324357752e+02
1.217708713462229326e+02
1.226295168618376721e+02
1.197605484799705664e+02
1.188843783556274332e+02
1.376957598466919706e+02
1.241026415571749908e+02
1.219147397384644051e+02
1.195353146700062723e+02
1.329920352007810038e+02
1.254040081086535565e+02
1.205850163226805165e+02
1.463807286984917084e+02
1.102902076421999880e+02
1.371708280635558594e+02
1.230840023662926512e+02
1.437853011554538227e+02
1.275608665512337865e+02
1.340389876134772464e+02
1.376439503328839749e+02
1.162591070824042845e+02
1.545473173994189722e+02
1.198610327549126282e+02
1.164318655815287258e+02
1.242789430055190962e+02
1.250313875202630953e+02
1.183748295469457901e+02
1.236900674959638451e+02
1.260650171939899309e+02
1.191085804759038496e+02
1.441315112356840586e+02
1.447673188746949791e+02
1.344222737498225229e+02
1.507017338202943790e+02
1.346663351292213804e+02
1.300693916904009768e+02
1.456825412157152755e+02
1.245297428257154451e+02
1.219469959209236265e+02
1.241047037515992599e+02
1.223867913093347966e+02
1.402139288310350764e+02
1.221586889598867600e+02
1.288388509008263441e+02
1.215272670521229088e+02
1.490294402265193696e+02
1.223128700714391499e+02
1.314250997638700937e+02
1.256761636585396076e+02
1.183594350188490836e+02
1.167062507031566270e+02
1.208091856625371747e+02
1.219498695880824073e+02
1.194503705715735720e+02
1.438181058167847937e+02
1.214837627312811179e+02
1.464004470055814693e+02
1.169737147928151870e+02
1.393847433778445861e+02
1.323749726793437560e+02
1.492196426251222192e+02
1.266320447539968796e+02
1.358519923540905268e+02
1.649527264292695747e+02
1.172771599988235209e+02
1.541128160559992750e+02
1.294006146586183377e+02
1.197418364085065434e+02
1.407842621983292020e+02
1.280778526337939809e+02
1.223467064226684613e+02
1.295886412960560676e+02
1.224374747843771019e+02
1.234958964222790172e+02
1.320812918575965966e+02
1.270029821019926715e+02
1.240115426745243923e+02
1.232640613490083723e+02
1.226901934844482298e+02
1.269202886243724180e+02
1.125391970123907583e+02
1.359476806950981143e+02
1.454222306085005698e+02
1.188233603578775615e+02
1.550921710366954471e+02
1.534838467702819855e+02
1.453851319065809093e+02
1.208919467749661578e+02
1.325149825351725781e+02
1.485930716932158191e+02
1.528786832493720453e+02
1.161563819234654886e+02
1.519162457560817359e+02
1.220785161235681358e+02
1.231215292054243378e+02
1.320525031645010756e+02
1.214717376234738282e+02
1.388327600049271098e+02
1.359640435816054946e+02
1.222530488051386897e+02
1.242257189378816520e+02
1.213442174760752152e+02
