3.405131413494097981e+00
3.995040464083710496e+00
3.389709416695798172e+00
3.540366103479170246e+00
3.468685270684871647e+00
3.742667818671420399e+00
3.928936959341597035e+00
3.602465692659427177e+00
3.983724911671880253e+00
3.678749544782504266e+00
3.598660985400541801e+00
3.808438677821168294e+00
3.787349327999798287e+00
3.651287531859369828e+00
3.761613078258031706e+00
3.434807734799259382e+00
3.326511603677174023e+00
3.561256643959537005e+00
3.645678129514374977e+00
3.647059325281665210e+00
3.630031178707394446e+00
3.630380314149944887e+00
3.317710073382899694e+00
3.736121544948282747e+00
3.905928160248286929e+00
3.893395527018957303e+00
3.678086857940062071e+00
3.626412456413462770e+00
3.647550542224225367e+00
3.542407717020265689e+00
3.830788737093147489e+00
3.544805842293275777e+00
3.920968692458172811e+00
3.901003459714418309e+00
3.626522723860427622e+00
3.617835711538598620e+00
3.486892423089012816e+00
3.554597561360492541e+00
3.796333626777597559e+00
3.441713703175468986e+00
3.572792940460427946e+00
3.374331896826058053e+00
3.907904767455698813e+00
3.925357895237040484e+00
3.415744323117265946e+00
3.390513645486015193e+00
3.597294206492624546e+00
3.660032368511491274e+00
4.033646097066367453e+00
3.741061306973853640e+00
3.305509252390748109e+00
3.473741315732602253e+00
3.502601930899988947e+00
3.442501994629161732e+00
3.533268539758072091e+00
3.298790876894720725e+00
3.516359466792631672e+00
3.930619287045273857e+00
3.697587386303916368e+00
3.582403268587123879e+00
3.549917068489968575e+00
3.576859998399503748e+00
3.896162058665948891e+00
3.452555267685093021e+00
3.635758698070313599e+00
3.644370745705630910e+00
3.896764019385861477e+00
3.591932272105589075e+00
3.518162802642502918e+00
4.052684336832379053e+00
3.596050685520240986e+00
3.523828714401580520e+00
3.234800727922216179e+00
3.534962814405603115e+00
3.791895314531425143e+00
3.379112982571302659e+00
3.537316631478726769e+00
3.433878046711608789e+00
3.484140729952555304e+00
3.222248242620530334e+00
3.553613264015201167e+00
3.542617347559313234e+00
3.271498933464922487e+00
3.456190265295974839e+00
3.989518358229280803e+00
3.629067539245216967e+00
3.562066569689064099e+00
3.493097633808690095e+00
3.702113916790578774e+00
3.649479072840193794e+00
3.526641560968190703e+00
3.607708112215690655e+00
3.371094027088553879e+00
3.517846802336037193e+00
3.706787059963561948e+00
3.544871506299481112e+00
3.651703646462225006e+00
3.524257611554476810e+00
3.737910529671848892e+00
3.995276895817714724e+00
3.919967464195341034e+00
3.824641992272369340e+00
3.534337746999548724e+00
3.335709339413204688e+00
3.442486019789787299e+00
3.699994918019793300e+00
3.422722596966618180e+00
3.190111260808050631e+00
3.536490682515673001e+00
3.778579394081661658e+00
3.499831942502836579e+00
3.608048395815377507e+00
3.300789529445237847e+00
3.578913226378176660e+00
3.559310672176487778e+00
4.025448539978004447e+00
3.562076705023891954e+00
3.790003682357331094e+00
3.696534510586762856e+00
3.655591091945094906e+00
3.437743156176750414e+00
4.059745504035983998e+00
3.542484920649854097e+00
3.705906019152124919e+00
3.618055581754652472e+00
3.679380461624297105e+00
3.346682065306731957e+00
3.472341254624874640e+00
3.729834803249387321e+00
3.590381754070773201e+00
3.716587073905622152e+00
3.588458700760632780e+00
3.451603181467671977e+00
3.541018347315069370e+00
3.760693941520326877e+00
3.603873993280839905e+00
3.503175276096282875e+00
3.444503759018040512e+00
3.526117967107480933e+00
3.707922033168149056e+00
3.987148185068153605e+00
3.918497606985523518e+00
3.466006892346833013e+00
3.594968232470134417e+00
3.305022880677138453e+00
3.667201416403270020e+00
3.515048663148661046e+00
3.660044719275739045e+00
3.495988168998267920e+00
3.599961174025072541e+00
3.639543531135637000e+00
3.624037161403319995e+00
3.922438773874231455e+00
3.285763601431658909e+00
3.430937814265469399e+00
3.613397778063076604e+00
3.492387112746988986e+00
3.279282933410337275e+00
3.331851884508103545e+00
3.951348425939700704e+00
3.958585576121793181e+00
3.412769828074745604e+00
3.887217092863765266e+00
4.045689297886761793e+00
3.699465482472260813e+00
3.467100891241315264e+00
3.644502570855713941e+00
3.282030191103043393e+00
3.420573218073883481e+00
3.439409572310024199e+00
3.836546682639857320e+00
3.768107916209943120e+00
3.082796484395422532e+00
3.546765069669160386e+00
3.406457371074421481e+00
3.608641658967028043e+00
3.640244998998826809e+00
3.295642877418526684e+00
3.570614452039871711e+00
3.684771102414541311e+00
3.952010966992658414e+00
3.584757452876037309e+00
3.191130716777518472e+00
3.410152312218661663e+00
3.216132982598923551e+00
3.516814242469882501e+00
3.476309791175955066e+00
3.529336783800177457e+00
3.731989921561635448e+00
3.276212510104467235e+00
3.422193308308950854e+00
3.148286216470086885e+00
3.500350502655845020e+00
3.524375977076458000e+00
3.472201043865013492e+00
3.550992596225449383e+00
3.537070331488190167e+00
3.572868386892052328e+00
3.609432253171675153e+00
3.609851922838638760e+00
3.310623137152643114e+00
3.261658787749626587e+00
3.503426576185042052e+00
3.531085583009567763e+00
3.755138027701368397e+00
3.805404904714289493e+00
3.543106339024430174e+00
3.587756078347541511e+00
3.577741215834228772e+00
3.279860897139370568e+00
3.436666530479808301e+00
3.456665726817562234e+00
3.946781220949054259e+00
3.967367554609578129e+00
3.962580047596810484e+00
3.121510922651280495e+00
3.462924734449474240e+00
3.475347862215042216e+00
3.406828450149487431e+00
3.695466837226213386e+00
3.579850445427393169e+00
3.540108539644702734e+00
3.625718311637021074e+00
3.948123797585200379e+00
3.942075357141164638e+00
3.689834831454728903e+00
3.504298738030642735e+00
3.648225600581232797e+00
3.586167313428773262e+00
3.535474000729711630e+00
3.689681443648082482e+00
3.642900345103242454e+00
3.337918125670830349e+00
3.602167688579887450e+00
3.138724704489838757e+00
3.452616690730468285e+00
3.698854257759898623e+00
3.550631079972987880e+00
3.601641404858966222e+00
3.923393649914451053e+00
3.395686430321660509e+00
3.768341623769817961e+00
3.485354913896987927e+00
3.603926432150470482e+00
3.705288833012129412e+00
3.384064865139631895e+00
3.507495672775005957e+00
3.592019217843418932e+00
3.293250275072285849e+00
3.686737216015320673e+00
3.715332336131388136e+00
3.897612916218035739e+00
3.407832589867893169e+00
3.623274488409314653e+00
3.387101508633764357e+00
3.495331453980478287e+00
3.481905831255287520e+00
4.011619927832184906e+00
3.424539259503616595e+00
3.770515296225938062e+00
3.666750255014301629e+00
3.249824215793593041e+00
3.642197467624637142e+00
3.392570175226684359e+00
3.720114895328197502e+00
3.505551710319603664e+00
3.183517332842897840e+00
3.217258455478167800e+00
3.309971157718472501e+00
3.555445779129781769e+00
3.607783809153094268e+00
3.378440704012105833e+00
3.579397104997512180e+00
3.540052294463881477e+00
3.312418775011085170e+00
3.645228624064109191e+00
3.955052440356376930e+00
3.974915623544357679e+00
3.647723802029763540e+00
3.706377091269703605e+00
3.585384711667932045e+00
3.483976026348041710e+00
3.369618574102919872e+00
3.557545108747203422e+00
3.579014479221267475e+00
3.200538539750299449e+00
3.470443395769308381e+00
3.538173848046902936e+00
3.844694421168906473e+00
3.280829508306558395e+00
3.360537432368335686e+00
3.898886110803623239e+00
4.013555197999163937e+00
3.630243210745482951e+00
3.626973428776831376e+00
3.921577179344054365e+00
3.911139215401989055e+00
3.444661160537763944e+00
3.549342909862377660e+00
3.641137289860139958e+00
3.565805023460198786e+00
3.543931325964031043e+00
3.574030209468595398e+00
3.441123248806875257e+00
3.574490965682528998e+00
3.668623464511074239e+00
3.641065985217838197e+00
3.929723730636287993e+00
3.874713196297034035e+00
3.545721567737338376e+00
3.619286280801529365e+00
3.338263221827917793e+00
3.674144212408478882e+00
3.639878632644838241e+00
3.636779403758527263e+00
3.715742114023456555e+00
3.541446946722710543e+00
3.873665618518492781e+00
3.743239466098562840e+00
3.753943278390943661e+00
3.715485339785600249e+00
3.293185550292139663e+00
3.544006060613783315e+00
3.697755971312670198e+00
3.939667406604848043e+00
3.844386336283686756e+00
3.538717177014799375e+00
3.492502929871328377e+00
3.628527486665665602e+00
3.524068909005794392e+00
3.473613223282744134e+00
3.622599938994150559e+00
3.436532619368678709e+00
3.652062156075187360e+00
3.633962748457628233e+00
3.818943000619925865e+00
3.997042938627745734e+00
3.692861708628953021e+00
3.596864586140527287e+00
3.396003677209206817e+00
3.499578965398206343e+00
3.665581326472179491e+00
3.537768433137759239e+00
3.860646729991810133e+00
3.354209673216562049e+00
3.816996560814464257e+00
3.529436558570056004e+00
3.613376156750333745e+00
3.948432382748348513e+00
3.835696676248179671e+00
3.697055772653356609e+00
3.441996136536503492e+00
3.562574260396551118e+00
3.897103206870737857e+00
3.667979511787628155e+00
3.721044209435885985e+00
3.542164145481231152e+00
3.561695717576223608e+00
3.988629948427362404e+00
3.780083322973671667e+00
3.737288618558624709e+00
4.062283328820181616e+00
3.567816655727342301e+00
3.437693324540429085e+00
3.676860852126727863e+00
3.618760383333643027e+00
3.562867273435011306e+00
3.611798610317631386e+00
3.632835937315046060e+00
3.614968971522317442e+00
3.838740160607550411e+00
3.898229022202039928e+00
3.540382984806103916e+00
3.362904377414864143e+00
3.489216077363392010e+00
3.469096501843016433e+00
3.338233228354159365e+00
3.478671421898765548e+00
3.477035409597903026e+00
3.468227214198153163e+00
3.571584991440497348e+00
3.533353244033468066e+00
3.867914600825912874e+00
3.266636439822603766e+00
3.483914384219565452e+00
3.553197822294337893e+00
3.910731237883444233e+00
3.504471143695753632e+00
3.327389699303927362e+00
3.856415215499512161e+00
3.253700663335646226e+00
3.332515551290612610e+00
3.548770982993905143e+00
3.969745422376659949e+00
3.944748614820216215e+00
3.485103810817063774e+00
3.840026083355821296e+00
3.585660746781395236e+00
3.547081287826637119e+00
3.996310334559251221e+00
3.548439249005735263e+00
3.681067970587994065e+00
3.886745146448926658e+00
3.352210226774423596e+00
3.880960073312190062e+00
3.443243251151679729e+00
3.489709879625220168e+00
3.612853965154621427e+00
3.517030478950864847e+00
3.521035334936648109e+00
3.299041036812884631e+00
3.858771055883883250e+00
3.306151291246249180e+00
3.582722242018733017e+00
3.707746230751487015e+00
3.870699135035788441e+00
3.513377950109537906e+00
4.015945240406970207e+00
3.399367654219469514e+00
3.674655324049528549e+00
3.700697840684159523e+00
3.656170615002015012e+00
3.492962682167615629e+00
3.464178662184498325e+00
3.557591071042397690e+00
3.480737947849614322e+00
3.508536295770920965e+00
3.659292074469699507e+00
3.538007778321376584e+00
3.870643818692343086e+00
3.729795724945169422e+00
3.312513129364813569e+00
3.449390749655379285e+00
3.871974220595169935e+00
3.469291074225786975e+00
3.874641193653726390e+00
3.626687359626160845e+00
3.663522343137012527e+00
3.496715579173996780e+00
3.959809300038751978e+00
3.982302959523872143e+00
3.451919691187725014e+00
3.898211939198703568e+00
3.450091065938079016e+00
3.913809246182387458e+00
3.646097198748901924e+00
4.173185170221952234e+00
3.145121495536385758e+00
3.508416804381335741e+00
3.454747241454897644e+00
3.652878676249805334e+00
3.429473816935431518e+00
3.442640583660728559e+00
4.012568717496379556e+00
3.610929933628131305e+00
3.851585168606350251e+00
3.507706539585105698e+00
3.581163975695316637e+00
3.824922885348939872e+00
3.790378620028330481e+00
3.596100186484741723e+00
3.391344494934934950e+00
3.647045394653313011e+00
3.463251215026617036e+00
3.897396833446002073e+00
3.196329342532573836e+00
3.441894579098100593e+00
3.475550845132713729e+00
3.459086579027558894e+00
3.509070617050943142e+00
4.123075653455354761e+00
3.406854858618260984e+00
3.376318751255755313e+00
3.394003957627858892e+00
3.630774532527242027e+00
3.599089056950947274e+00
3.378298025869825416e+00
3.630336433325399792e+00
3.319831459098992354e+00
3.287809478018539178e+00
3.512355523318323236e+00
3.730382035774620242e+00
3.854467980071515143e+00
3.676435093746510674e+00
3.728826334370781481e+00
3.860705239859516524e+00
3.663294193017540668e+00
3.341245917946728206e+00
3.885557945882907038e+00
3.616987700290049013e+00
3.447204491918722802e+00
3.806634890741763311e+00
3.557107933367315233e+00
3.399765789968057561e+00
3.861589155855021271e+00
3.224159682932427273e+00
3.675721699376985008e+00
3.333898410389670275e+00
3.480275097421580366e+00
3.498409601234433897e+00
3.603622542201943446e+00
