2.842216945165835451e+00
2.787807715027402988e+00
2.903521396464309845e+00
2.968677330240514500e+00
2.763104565794140210e+00
2.841186930428997393e+00
2.960238154404109423e+00
2.914124036414634578e+00
2.954503683034046535e+00
2.649240355747001008e+00
2.954295511453320700e+00
2.900415790494267565e+00
2.708997815628897410e+00
2.938781905210521739e+00
2.910954439113550674e+00
2.890343238266419146e+00
2.665598800150786651e+00
2.866886106748381735e+00
2.726796684089749512e+00
2.925145550314047771e+00
2.575139183399210552e+00
2.922302595794686653e+00
2.748514398287733140e+00
2.862610944494032861e+00
2.875335435845997711e+00
2.960059386004884274e+00
2.845276661087166925e+00
2.897727630143248856e+00
2.672939900742999697e+00
2.759870464061814577e+00
2.951272137186369715e+00
2.949292857484017816e+00
2.816041768537154155e+00
2.651719638342485474e+00
2.830834255609277594e+00
2.529661984424125265e+00
2.815110104930675039e+00
2.844374112920083242e+00
2.928251083114625342e+00
2.737670085588238766e+00
2.632230266740651636e+00
2.710931954561711876e+00
2.856912003060545047e+00
2.886378441969253750e+00
2.895508141594513418e+00
2.703137094954914943e+00
2.737364479032145859e+00
2.567129396632938931e+00
2.857874066740113239e+00
2.851663260907879138e+00
2.685427621656427455e+00
2.948479403154928846e+00
2.702547948775967601e+00
2.758556987751661804e+00
2.757037888946811233e+00
2.704053209463990193e+00
2.918038814915112855e+00
3.001817977792523795e+00
2.897845138594712822e+00
2.914600140393636796e+00
2.868440325845937000e+00
2.950547182635714361e+00
2.961960391566300199e+00
2.652842426929051811e+00
2.880357328104628856e+00
2.862474237262716770e+00
2.933095538728488272e+00
2.870035415066098494e+00
2.704204196658936077e+00
2.555874169141567620e+00
2.718146591850612914e+00
2.878496361301276618e+00
2.911455564809614316e+00
2.887441070218162764e+00
2.818285902336298498e+00
2.606539792021703050e+00
2.948862340938533499e+00
2.788983682886233328e+00
2.825437325344637873e+00
2.906617523780289147e+00
2.910885846879420757e+00
2.979918475496360575e+00
2.738168527806170260e+00
2.935758144857356644e+00
2.588056295306419674e+00
2.652047604943043257e+00
2.848131445249710847e+00
2.916512410515280429e+00
2.793950063422252938e+00
2.823961518089682876e+00
2.601647235078794029e+00
2.686950211314092396e+00
2.870801189306588785e+00
2.878073595370953530e+00
2.802738286733804873e+00
2.696811980677125131e+00
2.594374775592803939e+00
2.969648857910786699e+00
2.776534053876976937e+00
2.869320150053408014e+00
2.696583332721222082e+00
2.853430355637934124e+00
2.910673805451515328e+00
2.738676783710600748e+00
2.932838236592858028e+00
2.941099007209696747e+00
2.547809710249608006e+00
3.024959208954682399e+00
2.780957223799792821e+00
2.791099623557683262e+00
2.887366144650239885e+00
2.742091082317008599e+00
2.955230513473697584e+00
2.825690280632541018e+00
2.901312704514388496e+00
2.717235711720318747e+00
2.874265679634577353e+00
2.787083528893242956e+00
2.938850012569440562e+00
2.593909161104850369e+00
2.723694960879951665e+00
2.654073336865163668e+00
2.914838000109124305e+00
2.762484778058756252e+00
2.740659248686359462e+00
2.708047895609578593e+00
2.836564782918539862e+00
2.808009210957849611e+00
2.924243096420032995e+00
2.887928711045110397e+00
2.571940175522740457e+00
2.884420156851414063e+00
2.863148833321508047e+00
2.716423399556240348e+00
2.718560929360646305e+00
2.922730971297589520e+00
2.672110363647099973e+00
2.756950222445227805e+00
2.577462600458691355e+00
2.852072115449817868e+00
2.816784638076820890e+00
2.924741813230967047e+00
2.841214683399213570e+00
2.676956642339876513e+00
2.909650769627286859e+00
2.796880944450240492e+00
2.813394076917111075e+00
2.994609238908740867e+00
2.689877299695933921e+00
2.841262977019094915e+00
2.977230514200894351e+00
2.544465932004631892e+00
2.896846531372248013e+00
2.893820122808583140e+00
2.919369963493892772e+00
2.882268530525574413e+00
2.582744122412986787e+00
2.634790421012036088e+00
2.978293048329465620e+00
2.592685505309055838e+00
2.808082630450464023e+00
2.946545311202305228e+00
2.907697540720524554e+00
2.999089154379885880e+00
2.776712608172051677e+00
2.617799272736303529e+00
2.774848076662559393e+00
2.924787221787486846e+00
2.719049413972022933e+00
2.866620807232040935e+00
2.911509862483772082e+00
2.951943635928757192e+00
2.598474049956666754e+00
2.913641552121493117e+00
2.891727606197105782e+00
2.928640255923140145e+00
2.899346253978088317e+00
2.709555496615859038e+00
2.663641579994811437e+00
2.688130886827186483e+00
2.756214964883740404e+00
2.816815711990724225e+00
2.849148972902828092e+00
2.585639944929317036e+00
2.924075160335712908e+00
2.510175428917269524e+00
2.813956524795525382e+00
2.752688922930891735e+00
2.968840636756640006e+00
2.748047825120961463e+00
2.584258340160285439e+00
2.775035433753960223e+00
3.018636001667795998e+00
2.838911337399582901e+00
2.933868090063463718e+00
3.031860678689077382e+00
2.804660392550451853e+00
2.890809078094274120e+00
2.680948020817040423e+00
2.972084964222322157e+00
2.830536411372416961e+00
2.789314829543994012e+00
2.911967680255107549e+00
2.915784558661699943e+00
2.938453071548165152e+00
2.652163340429870342e+00
2.844452678456913741e+00
2.740867970902948869e+00
2.697147124984644151e+00
2.665424178953928802e+00
2.928394524948907840e+00
2.887590478818039763e+00
2.603676023413274976e+00
2.716994176694287777e+00
2.851483340391581578e+00
2.630980313598343390e+00
2.999811242627116847e+00
2.776798932016156130e+00
2.894740769169288352e+00
2.767098147139439579e+00
2.921029657746476271e+00
2.740683957460899212e+00
2.888735033413361464e+00
2.890792375684313242e+00
2.871312783248486600e+00
2.920574503309739445e+00
2.746403523918855338e+00
2.784559894446829720e+00
2.987505529231978318e+00
2.854129825880334259e+00
2.878084921536472773e+00
2.972169874600439243e+00
2.989112813514815947e+00
2.909021455636878528e+00
2.937540878623916107e+00
2.573072426910812727e+00
2.943359954916649812e+00
2.883150074581033007e+00
2.950471525573790110e+00
2.613341838328273603e+00
2.548257416335596215e+00
2.648482847916723060e+00
2.983385403518507228e+00
2.732682404503602225e+00
2.571519334590461003e+00
2.844878869121502785e+00
2.882183053624686409e+00
2.839403827643087741e+00
2.682875171063956898e+00
2.646878498401781243e+00
2.966228746165634700e+00
2.970522357251220935e+00
2.688903651160804209e+00
3.006969739671844444e+00
2.734525067500190865e+00
2.624941958490246918e+00
2.759591520444128143e+00
2.934105443066935770e+00
2.574733988763596049e+00
2.933111682952443289e+00
2.590183262681919008e+00
2.903686025339505150e+00
2.863612594049734561e+00
3.032347077866692775e+00
2.882428282936212671e+00
2.562399961172221019e+00
2.686431720760591446e+00
2.676521599767615722e+00
2.902209439162993121e+00
2.906461882457453072e+00
2.636481042501767735e+00
2.713305156896637538e+00
2.803185512237463151e+00
2.740508897898102258e+00
2.710159614654577442e+00
2.956547817723074623e+00
2.565160724010004056e+00
2.932111937736228136e+00
2.885444163097389936e+00
2.854745593810779525e+00
2.891051700361438215e+00
2.823469035731243970e+00
3.028364991073207779e+00
2.604563451266995067e+00
2.863323328270940493e+00
2.706755407599260810e+00
2.821099975734075560e+00
2.830908953237749603e+00
2.808044680757968870e+00
2.962499472832576863e+00
2.918285613793240252e+00
2.906584874293700160e+00
2.662565720350701604e+00
2.953499443497791255e+00
2.897343950840215232e+00
2.674938711138016512e+00
2.917489505493617852e+00
2.748438708817262377e+00
2.852679079353299230e+00
2.857035917845293760e+00
2.925458098067614809e+00
2.891457825473364718e+00
2.803864685497772680e+00
2.909588044315245980e+00
2.843639124347197011e+00
2.957169784288097958e+00
2.567712244682720080e+00
2.685397553126440240e+00
2.855593046996136586e+00
2.822187722866740245e+00
2.684180328284659911e+00
2.667522648446547961e+00
2.912462328690557989e+00
2.922647647670562066e+00
2.964947927214207635e+00
2.870201472376499918e+00
2.762171801743902755e+00
2.943660114642218772e+00
2.892870385465931893e+00
2.733360825934609828e+00
2.501907560379335482e+00
2.552707315258687881e+00
2.859375227399350905e+00
2.722835991077012352e+00
2.609013691245187783e+00
2.808905737435986705e+00
2.723632374259599143e+00
2.912883725978529181e+00
2.694209980360166234e+00
2.964372824694917252e+00
2.866239051925072889e+00
2.988557093411326804e+00
2.914435169071917464e+00
2.932498344704323578e+00
2.833920834118884180e+00
2.556927108024660722e+00
2.919880525682472250e+00
2.769272863416415209e+00
2.737212723229024647e+00
2.803441194024913763e+00
2.514548038445513445e+00
2.774055262760198204e+00
2.720613820236299940e+00
2.865069884762982966e+00
2.665865130444590836e+00
2.668833485284697105e+00
2.884823518336050441e+00
2.799108892125214521e+00
2.866639703549861196e+00
2.869938292090904675e+00
2.770280341505805932e+00
2.863827819538102393e+00
2.933787771240645270e+00
2.584368191178407770e+00
2.904125581329281225e+00
2.675120307250290264e+00
2.731880939573363420e+00
2.648571654828079769e+00
2.838635655156894977e+00
2.900232625376540252e+00
2.859178911214975027e+00
2.696320771577092046e+00
2.825976785311234973e+00
2.909276765232254203e+00
2.688067898147890933e+00
2.863031153704923781e+00
2.906148202961269522e+00
2.919362155542821302e+00
2.940470646554064427e+00
2.767494500237277943e+00
2.855349843615679895e+00
2.723676766633186919e+00
2.667741648179291492e+00
2.610047771909426384e+00
2.690719299325069258e+00
2.644138595676059023e+00
2.870471974986412711e+00
2.762764194821597297e+00
2.550371351001516462e+00
2.771637870216653976e+00
2.937660943183091788e+00
2.846645258879643148e+00
2.876727040978562577e+00
2.748668577371045529e+00
2.869249329613041244e+00
2.580301939315636339e+00
2.725629396214133138e+00
2.906189426785030339e+00
2.623138778688725914e+00
2.781351532956671591e+00
2.629581628623461675e+00
2.957622723776095253e+00
2.895230609495297980e+00
2.788785150663769308e+00
2.777413299046821216e+00
2.551570930398211701e+00
2.863749833964193581e+00
2.989294016338820636e+00
2.605606157577234683e+00
2.653035481222656422e+00
2.886311410947142608e+00
2.696968212062887282e+00
2.639717759699793831e+00
2.988186239920301190e+00
2.928113229360818970e+00
2.918115097870880525e+00
2.571264161645597124e+00
2.753226479133722648e+00
2.640084182426783332e+00
2.693973048526336012e+00
2.983708134520879796e+00
2.758286200906806762e+00
2.907187643840342783e+00
2.976133379106808974e+00
2.576740037587744059e+00
2.783336662392810190e+00
2.740951249848483595e+00
2.635779874903495301e+00
2.668068200335051099e+00
2.702609234232975499e+00
3.005925158995750301e+00
2.922337588643470152e+00
2.843464879406314871e+00
2.791010697125463569e+00
3.021478869052193872e+00
2.874311945512221467e+00
2.945534444344883873e+00
2.685798201353444714e+00
2.905437938436772338e+00
2.701023304768185973e+00
2.569923359050811928e+00
2.875906436368721675e+00
2.942384324843986487e+00
2.629673372672429732e+00
2.814809615910524698e+00
2.636080696297713466e+00
2.869011878260995019e+00
2.872222623926312668e+00
2.921557963372184652e+00
2.678263988065646917e+00
2.670077930205310146e+00
2.735663865957553842e+00
2.579672030297560870e+00
2.882397346108351410e+00
2.900190014496185853e+00
2.524936485220676374e+00
2.631562738790997891e+00
2.819775645350648841e+00
2.949173084455749105e+00
2.838335372278177893e+00
2.880457666663620575e+00
2.923084403965698908e+00
2.970807039888442525e+00
2.804252677082684553e+00
2.934093633643539700e+00
2.875969751966178212e+00
2.863468245786408684e+00
2.900221644169631130e+00
2.563236330171861699e+00
2.931741794887427144e+00
2.964059824805681753e+00
2.921935426755187581e+00
2.788625267344183811e+00
2.668116284030614960e+00
2.932565024568604350e+00
2.754707519424324680e+00
2.841250338145191012e+00
2.593312278900270940e+00
2.521842435797724935e+00
2.965027876837056819e+00
2.663141852170698876e+00
2.995308743115063344e+00
2.587881281885480167e+00
2.921394760814589819e+00
3.014168102495554002e+00
2.624731407227772539e+00
2.921638961583460148e+00
2.946301704385806186e+00
2.945024912133005657e+00
2.853128617953594404e+00
2.593024977943438447e+00
2.650404005358638848e+00
2.716482049861052683e+00
2.919721717960472418e+00
2.980808138929882833e+00
2.754993912710319570e+00
2.780895108519718217e+00
2.785886951027527481e+00
2.908341881199197676e+00
2.750731317737352466e+00
2.948681499834229225e+00
2.899020598488837308e+00
2.886414074940701457e+00
2.909142694995991985e+00
2.667003148237069965e+00
2.889623709586967237e+00
2.798952003476095740e+00
2.836074038436611655e+00
2.955682465507012857e+00
2.864434583328923090e+00
2.722085809667911249e+00
