2.147837638762805668e+01
-1.100096026791254502e+02
-1.109184621161760020e+02
-1.299461694089854120e+02
-9.282158412983520179e+01
-1.171060180904239871e+02
-8.395251595827132007e+01
1.308922605300752764e+02
1.077905394949144693e+02
2.568618224674046857e+01
4.724603158664064750e+01
1.618279649569958281e+02
-2.151153759289514866e+01
-9.796170252017036617e+00
-6.039314552867777053e+01
-1.062744117310763414e+02
-1.468049984066242075e+02
2.700555786972685368e+01
-1.562127313313154104e+02
-1.506762435645607354e+02
1.666327090368961024e+02
-1.066492467758508411e+02
-1.385568853880747042e+02
6.353663600421987212e+01
-7.928618850919644956e+01
-2.506809505267549198e+01
5.276700907380259764e+01
-1.707559129212945948e+01
-6.843051830225880394e+01
1.578475506917191495e+01
-4.799124832722444722e+01
-1.075634502568380526e+02
1.044949420082962774e+02
1.600746715215154836e+02
1.449115443934876168e+02
5.774229908131577815e+01
-9.756722372262954934e+01
-1.785850079922890643e+02
-1.163980690951550514e+02
1.379417235880118664e+00
-1.687784025835898944e+02
-3.604665725914424712e+01
-1.337338292987956265e+02
-1.568815539466671396e+02
-1.556911330796320101e+02
-7.538379002307881827e+00
7.461555655095108364e+01
-4.891395455070990295e+01
5.438778020890398324e+01
1.228325914290415426e+02
1.104355525643946301e+01
5.237944517479667716e+00
7.199277099048707385e+01
-7.195329275558549398e+00
-1.314380541812932393e+02
-4.780427062771958902e+01
-3.092179382835851698e+01
-1.559981237524144433e+02
-9.051225543073459789e+01
1.686014992067450180e+02
-7.308501215488114156e+01
-9.276411068341258215e+01
-1.505423223754066839e+02
-1.219738525184436071e+02
-2.820333416041199825e+01
-6.518760793357061800e+01
-5.816937253849455658e+01
1.739603804556397222e+02
8.897982660790727039e+01
1.782449801745929676e+02
1.703266693883567768e+02
-1.650907161759230348e+02
9.775609984602942859e+01
-1.583416212756923471e+02
3.271563057028124888e+01
1.007380423135655292e+02
-1.463531365041547190e+02
-8.634812356000994171e+00
-1.556739909174797845e+02
9.170825627914209122e+01
1.626062695372120857e+02
-8.318983318969469565e+01
6.483254512813978465e+00
-1.393322785802022068e+01
4.354474938579768661e+01
9.902389736465767101e+01
1.015485382606554410e+00
6.180541622561002413e+01
-1.289086459228857962e+02
-5.603423365148424296e+01
-5.841021883959125205e+01
-1.580580763220283025e+01
4.064524473748420519e+01
5.218572730740758914e+01
-1.611341638950513016e+02
-1.175751405789897888e+02
1.683598243168520128e+02
-1.758397578297598898e+02
2.492270442857088852e+01
-9.936197079935300280e+01
-1.009954547723901186e+02
6.516847081076430470e+01
-1.404666418896872528e+02
-1.443665674446017135e+02
-1.591700317137689922e+02
-1.655166485955824669e+02
-1.007836277730081918e+02
-1.098984991483167164e+02
1.378252704337751595e+02
-1.145285705358162076e+01
8.573602323498862177e+01
-1.203538919403168848e+02
-3.428626277213921547e+00
-4.211063474675240315e+01
-9.301729177387201730e+01
-7.581608421333962156e+01
-1.744207544242040058e+02
-1.159795412022389982e+01
8.144734878163793823e+00
-3.554568663492335645e+01
2.782951769979416312e+01
-1.240974697946239900e+02
-8.608484177571450857e+01
1.770255463963654208e+01
-7.300224709695361014e+01
-4.909169076637785167e+01
4.472192800783010114e+01
-3.537806966795940156e+01
8.345258093899273888e+01
1.621120611350479237e+02
-7.429137290246492853e+01
6.555622812671013655e+00
1.247198557718933074e+02
-1.432693349256676640e+02
1.553135134623748854e+02
1.127956816764159953e+02
-3.461062347574092257e+01
-1.230077979096189011e+01
4.543467399678387864e+00
1.073196288513900365e+00
1.771544336997409985e+01
-1.775278862083555680e+02
1.746266975016401659e+02
-1.188189442563527010e+01
1.304377672471848371e+02
-9.909937811729237467e+01
8.702703010522640170e+01
-6.991349633069954450e+01
-1.607735543607391264e+02
-1.361841379811437776e+02
-1.648424791565049645e+02
-9.165654140528303628e+01
-6.946093147575780336e+01
4.063037359001383209e+01
-2.414851426290939429e+01
-6.246717371880453129e+01
-8.325142132635895109e+01
-3.071285428863087752e+00
1.436770075615141593e+02
1.415730323664331252e+02
-1.054237156925960477e+02
1.829057126958166180e+01
-6.656651645231002590e+01
-1.199096502111878948e+02
-1.538928389939321164e+02
-1.291076784327888447e+02
1.773174417151305988e+02
1.971533949039514155e+01
-6.905133937541737055e+01
-1.729558300103062152e+02
-1.637603795235610562e+02
-1.172842820518482796e+02
-9.947962302178260074e+01
-1.031148657983911079e+02
-1.740665385242022296e+02
9.577949249820746047e+01
-1.688232936571266407e+02
-1.639561230136312986e+02
1.550051196335053021e+02
-3.902148809063081103e+01
-1.108870451590636321e+02
-6.335170904946377846e+01
2.957572462673616087e+01
-1.497526787747645187e+02
-1.215112585042445659e+02
-1.262341691558989396e+02
-1.751298269913222043e+02
1.442425421418995768e+02
-7.523163514908162597e+01
-2.330049492571450998e+01
7.950045507956161828e+01
-1.145697536662977996e+02
-1.500176453038924933e+02
-9.434572571130999563e+01
-6.579759730344976276e+01
-4.155408172125614641e+01
1.730110165699660456e+02
-4.085730952327722321e+01
-1.761564100404631574e+02
-1.532110297581312466e+02
4.543075745229583617e+01
9.253297419966069981e+01
1.637080971725636971e+02
1.466477567729478153e+02
-6.546962923945751811e+01
1.167174848901345285e+02
7.362137483333626164e+01
-1.496500986691429205e+02
1.586712972332509253e+02
1.509393809246978151e+02
1.047692990058560838e+02
-1.481474712074596027e+02
-1.564098506033706428e+02
1.439746299873445992e+02
-4.156131475784027884e+01
9.416792001106475141e+01
-3.000299326860082161e+01
-1.114567909219488087e+02
-2.642129570311915288e+01
-1.322969650799547026e+02
5.656952024103453880e+01
-1.191071870069336569e+02
9.039313169787939728e+01
9.541520164726595965e+01
-7.751103478020657178e+01
-7.199535827993096859e+01
-1.474830494756492385e+02
1.832398149103723028e+01
-1.710246010921108564e+02
1.478117554410527035e+01
-3.363997810777789255e+01
-6.336105667344310888e+01
-3.898454593373781307e+01
1.633274642768728313e+02
2.751492393619009746e+01
-1.422948060336817946e+02
-6.764253512748162223e+01
-5.417380663656742001e+01
-5.689225220199166699e+01
-8.620339965428772189e+01
-5.563008240271810934e+01
1.641658559808068958e+02
-1.586349896987179307e+02
1.576574480424783360e+02
5.377385789983740949e+01
-1.350430910816740777e+02
2.300280332661127503e+01
-4.404155207692289054e+01
-1.469267726538821073e+01
-1.061751126172733279e+02
7.973741335013241383e+01
-1.074763657535770847e+02
-7.724417806044891677e+01
-1.407841001517747657e+02
-7.411056375121243889e+01
-9.940109923583429463e+01
-5.528929693465586581e+01
1.508310380524498555e+02
1.648495336735400656e+02
-2.848913730449330828e+01
-3.400545593819103374e+01
5.789598362358265149e+01
-6.723043212291463533e+01
1.316611406099075907e+02
-1.611257693036890259e+02
-9.247809409637761746e+01
-1.513637148442237503e+02
1.061462670189512458e+00
-1.428497327416585563e+02
-6.426894865594653083e+01
-3.119436263160123701e+01
-1.532497980453767354e+02
8.698896821703824855e+01
-1.559984763747253282e+02
-3.956128644402598127e+01
-2.904040619247162525e+01
-3.020614388746208689e+01
6.773690651926446549e+01
7.901873643481756915e+01
-8.945236587715521637e+01
1.310145901866030442e+02
5.188213612132101105e+01
-6.763839188105512790e+01
-3.093210666110899965e+01
-1.766135758285495427e+01
1.345739533331215654e+01
-7.253896291571244603e+01
-7.565448193069836691e+01
-2.366635833480859219e+01
4.247704098301262832e+01
-1.622617205143242245e+02
-8.056445798755447640e+01
-1.690083205086815212e+02
2.717223574944524955e+01
-1.711358522842985224e+02
-1.620873946787901332e+02
8.665689094748543653e+01
-2.318775731611647473e+01
-4.384487815235608110e+01
-1.548150761034210632e+02
-1.129941696734841088e+02
4.773478092196744349e+00
-5.766771705509403212e+00
1.152935514323005890e+02
-1.732067291503290960e+02
-3.618760923322673762e+01
8.586693535690646684e+01
1.784188469252356981e+02
-3.182517084797088458e+01
-1.246626793753320754e+02
-1.563254755575893569e+02
-1.519884034063669560e+02
-1.602445705706345791e+02
-1.271901097072911710e+02
1.108668180777601435e+02
-1.788900540391800575e+02
1.480763974057612415e+02
-3.289663504868653376e+01
-1.060459699804293088e+01
7.999485719166264630e+01
-1.788127086413616667e+02
-1.151958723565369880e+01
-1.769481530371298277e+02
-1.347590069880755550e+02
-3.223748176133725707e+01
-7.252390456346124381e+01
-1.588563581989466513e+02
-1.341654951566169984e+02
-1.475307478153816021e+02
-9.776442697670172777e+01
1.384609539356978303e+02
1.356815021847554306e+02
-1.691858047346089506e+02
-1.706879724270104930e+02
1.626628167825207356e+02
-9.904741180332925410e+01
-6.163608055840549582e+01
-8.056584621959409276e+01
-5.914781372563162876e+01
5.197198316833891774e+00
-3.261330775732385945e+01
-7.638908830216962542e+01
-1.764940132979492660e+02
-1.779739663763714645e+02
-1.146438523936486575e+02
-6.143960411973971247e+01
-1.537729905308061120e+02
-1.076170693923261581e+02
-5.418150163376333950e+01
-2.138541800236560420e+01
1.726088802803044189e+02
-1.207443681842584660e+01
-9.048190797125201357e+01
-1.236119504669055544e+02
6.783521173441909013e+01
-1.347669346132963142e+01
3.658750105393396979e+01
7.222369697272101519e+01
2.440607947286405377e+01
-2.848592961787931799e+01
1.436375671920275465e+02
-8.464046912056120675e+01
-9.486865455356156929e+01
3.743575526687519783e+01
1.498567377144351838e+02
-2.312211630256396333e+01
-5.977346790406176780e+01
-6.159963346923156990e+01
-7.042015977400959059e+01
-7.136975743035802111e+01
5.220539384650106740e+01
1.701002393862368649e+02
1.659970925247236835e+02
-1.473276720336596384e+02
-3.331154708891634897e+01
-5.847120646408870215e+01
-6.998870000511978162e+01
1.551364006932611517e+02
-5.228368826002584058e+01
2.082521385477173936e+01
-4.174868052623148174e+01
-1.190254348425254793e+00
-1.277956390567958778e+02
-1.425571552392216006e+02
-6.609820106870454026e+01
-1.709261925107299191e+02
-1.462843447065384055e+02
-1.190671831421280729e+02
7.256424533112956965e+01
-4.167963597261052655e+01
1.724278291661158846e+02
-1.199607905148646125e+02
-1.338358834027093280e+02
1.591107603994083490e+02
1.410024656106990051e+02
-3.669083924131977814e-01
-1.206308619265160331e+02
-1.588596626976243442e+02
-5.258010925460672524e+01
1.420846466692827335e+02
1.065540457039870574e+02
-1.510076386279716587e+02
-1.675305367028455521e+02
-1.827134845553808784e+00
-1.133481190470996864e+02
2.138382578271338019e+01
-6.140685031746993872e+01
-9.656853444180835311e+01
3.327130492593723687e+01
-1.756015855507286290e+02
-9.729731030742225784e-01
1.769495645701014723e+02
5.243399365243193699e+01
-1.238508121762811101e+02
-1.641982552148305388e+02
-1.662091646111466048e+01
-1.742193438444112985e+02
-3.791749849274663120e+01
-1.116917459578910439e+02
-1.719082267090386722e+02
-9.352387867109840158e+01
-1.104066696739721749e+02
-1.284882820466474698e+02
-1.160058679364085243e+01
-1.789860947559273541e+01
1.643303634581407948e+02
9.180356852403876644e+01
-1.492308757833157244e+02
1.368201362190507986e+01
-1.634280570147820129e+02
-6.481825549150785548e+01
-2.493894850604073454e+01
-8.175706643797300277e-01
1.120705760004613261e+01
-2.480492221995604929e+00
4.159990272412474610e+01
1.174023418802515550e+02
-8.766922793254411772e+01
7.116191257741885101e-01
1.442650574686884468e+01
-1.098491579611280287e+02
9.253130087702578521e+01
6.439373617009829331e+01
-1.642938806723297063e+01
-5.187868944246087466e+01
-1.275453760657494797e+02
-2.444998724785216027e+01
-7.326650122206123683e+01
-1.441868376705447190e+02
6.646262200351530680e+01
-1.501706812674729292e+02
-1.120584651463751698e+02
1.340681591159274433e+02
-1.185399418345241713e+02
-1.270822852542007837e+02
-1.720828934335470137e+02
-1.006597685710169827e+02
1.096480224191642208e+02
1.580519145994436201e+02
-1.725347055790736590e+02
-1.748775329010035477e+02
-7.514865095780952231e+01
2.845112498870809148e+01
-1.759590782541341625e+01
-1.389493940744502254e+01
1.365427928984873951e+01
3.000394256537758153e+01
-2.573992776588920606e+01
-1.013158672328508914e+01
-1.222695177749338846e+01
-6.658535629506890530e+01
-1.162935410322993164e+02
-6.881356718417956131e+01
-6.424846030771125527e+01
-6.209818211108072461e+01
-1.617598785450912828e+02
6.112454906437938718e+01
1.048760999788762973e+02
2.054089482473743900e+01
1.697705878202339420e+02
9.498015146852894475e+01
4.180677750272471371e+01
-2.413948040092616054e+01
9.013937185500628857e+01
-1.310031086065031047e+02
-7.345163148043100421e+01
1.244260999456313499e+01
-1.797216375152270302e+02
-5.555141729939915507e+01
5.888276169354993783e+01
1.582976275311189696e+01
-1.495106833220562237e+02
2.877106019364476808e+01
-1.487659140422990447e+02
7.193329235142871880e+01
4.217947003726879274e+01
1.024154330991865720e+02
1.114252767774560482e+01
3.401336426707680438e+00
1.723968640194854851e+00
-7.616537150748990825e+01
