1.008723173672686642e+02
1.259952717098666568e+02
1.264823271356163161e+02
1.236497180759043175e+02
1.165177417433554297e+02
1.519140404976284913e+02
1.254690021605314598e+02
1.104156190396085009e+02
1.324077291577061715e+02
9.626754692648459866e+01
1.027885947167662977e+02
1.077488608132600518e+02
1.067763307172112803e+02
1.029513408766921572e+02
1.151114995690731746e+02
1.306010857454296001e+02
1.258980999560156278e+02
1.121633906727065977e+02
1.309165610121800114e+02
1.338773954191225641e+02
1.354877188181806957e+02
1.115523204364288148e+02
1.239595159252930330e+02
1.062806946373111998e+02
1.093784003332383179e+02
1.037018621905513385e+02
1.066114290425293234e+02
9.431274938269375241e+01
1.178191568803275260e+02
1.040072201415926543e+02
1.204409979482751680e+02
1.327102414459569673e+02
1.108837170431335011e+02
1.360463045874962233e+02
1.089016659213527305e+02
9.597660793980635674e+01
1.297526684819514742e+02
1.306337622077471394e+02
1.127979284375712581e+02
9.620855619805841741e+01
1.281667446627374432e+02
1.127206170335582698e+02
1.274459706296485564e+02
1.327751292970958161e+02
1.377961020361906037e+02
1.071564446844718361e+02
1.344465267919871962e+02
1.128175766734149477e+02
1.000715395358228506e+02
1.283086312469381483e+02
1.106336915888199570e+02
1.064952138057381461e+02
1.186497856360467296e+02
9.041912378217925550e+01
1.123236255860174424e+02
1.034793520189738558e+02
8.930517856137906563e+01
1.256875113110513809e+02
1.320989358712121771e+02
1.235872636298358742e+02
1.086067807279369504e+02
1.105351791361224372e+02
1.235429016557183388e+02
1.108232572204882445e+02
1.089600258604281606e+02
1.044049998964846964e+02
1.087027026637030644e+02
1.155757953146574124e+02
1.007371941802517910e+02
1.278402924421584714e+02
1.336537705115449910e+02
1.297773795466485751e+02
1.066796475149535439e+02
1.167165195131944699e+02
1.167432434066691513e+02
1.168871937257517857e+02
1.249946897679959221e+02
1.016293659102359328e+02
1.233532304304923031e+02
1.055672192809379055e+02
1.380237418306588211e+02
1.312676849125606964e+02
1.154394133334724160e+02
1.124721716764856438e+02
1.001673229093273960e+02
1.176845015082784585e+02
1.146092691533898886e+02
1.137157711156165618e+02
1.269574998332173408e+02
1.206058135862270007e+02
1.043479203745400525e+02
1.059781023828571591e+02
1.008614285935241384e+02
1.316054326189400854e+02
1.342130322555859721e+02
1.336538318726478565e+02
1.363578550130068265e+02
1.298399655151981733e+02
1.054847208068020024e+02
1.059369883609783471e+02
1.283033652803445932e+02
9.581467415424643264e+01
1.231616747858156771e+02
1.242834315299853785e+02
1.083085493865520590e+02
1.326445810093945283e+02
1.229453061927380730e+02
1.228431024315285924e+02
1.262112121048779017e+02
1.298050200667488241e+02
1.075957617045318102e+02
1.362265061565167628e+02
1.079529649240156743e+02
1.077192537597595106e+02
1.076873323809936807e+02
1.146345289474435134e+02
9.855810785483045322e+01
1.002722160288158761e+02
1.027204722624853304e+02
1.188839122699377242e+02
1.160886205013692773e+02
1.109724372326259214e+02
1.196336407111429168e+02
1.045115812456709534e+02
1.157306153794618950e+02
1.078911112137131170e+02
1.186715007874046108e+02
9.604501828729874546e+01
1.016199773413497809e+02
1.269500980163449242e+02
1.379410785805971500e+02
1.144841291213498948e+02
1.136569253644014026e+02
1.323768726799733884e+02
1.493008007756201039e+02
9.719552517684327597e+01
9.835397714649845113e+01
1.066357697556140920e+02
1.085659261738749564e+02
1.177440443853290191e+02
1.048984648307228866e+02
1.121213550578593896e+02
1.101069135648170061e+02
1.042246789551683150e+02
1.219880286599281902e+02
1.371600084040665877e+02
1.026920796697213802e+02
1.208130426818493390e+02
1.267392938662082713e+02
1.362066157900840437e+02
1.210814430946576152e+02
1.179901652639182572e+02
1.179423100024965976e+02
1.092423452685793137e+02
1.035644896191680147e+02
1.201035410204609377e+02
1.039757900105914672e+02
1.153535427714922008e+02
1.038197295416207027e+02
1.008073574697046837e+02
1.067115702845474488e+02
9.880189490880229641e+01
1.035892485108316095e+02
1.190026094494338338e+02
1.252434325585866759e+02
1.231118697615880819e+02
1.231254601570278595e+02
1.170883889626500718e+02
1.009886265222308737e+02
1.262329582708771625e+02
1.359636358016201712e+02
1.287046250604922477e+02
1.313626050366524112e+02
1.260521833744874414e+02
1.442619670220094008e+02
1.086582529095504412e+02
1.316604320777021258e+02
1.262493279750270432e+02
1.088721371870333030e+02
1.134929832819905755e+02
1.052021924189218254e+02
1.084295940371112863e+02
1.075901261751936460e+02
1.294916060216861524e+02
1.483945143134850753e+02
1.343067185006298132e+02
1.131260604872700668e+02
1.172410668329046217e+02
1.113164136270147822e+02
1.136764059125306972e+02
1.029991275268711206e+02
1.233475925994988955e+02
1.200219790670543176e+02
1.143352188268438425e+02
1.168622810607744213e+02
9.005254294510217505e+01
1.324823227582025709e+02
1.046533142941689221e+02
1.270095422743899718e+02
1.242211467580989535e+02
9.874295846176676150e+01
7.312255442338171463e+01
1.358973353044139003e+02
1.318405498934889692e+02
1.250572789156977507e+02
9.956706871292709593e+01
1.008598263907157531e+02
1.271119056088895718e+02
1.319529519641803006e+02
1.081353986547633355e+02
1.072258673528324806e+02
1.112298160171026637e+02
1.406141198558506744e+02
1.198215846712488712e+02
1.301648964462326319e+02
7.373730147418498859e+01
1.040793415568876270e+02
1.166748746339168150e+02
8.919268249255310366e+01
1.217418611030996516e+02
1.510805910750898420e+02
9.998986042846985356e+01
1.029834505446901574e+02
1.118451860374194240e+02
1.154477146167063069e+02
1.161923896446459707e+02
1.367586029819157432e+02
1.116357994227998631e+02
1.293754985309749657e+02
1.000864789020893824e+02
1.080832397509782652e+02
1.279286110179372429e+02
1.026404006936964777e+02
1.024518520643647008e+02
1.039491488980819867e+02
1.255062551051851756e+02
1.011474855650035636e+02
1.103237760852630913e+02
1.079823200698111378e+02
1.089696296129367283e+02
1.162675936967789880e+02
1.045861098476163136e+02
1.294360860456926332e+02
1.357719427248879924e+02
1.131429189823879398e+02
1.315122548474004702e+02
1.080716865142915282e+02
1.055044354938341229e+02
9.459845935149385809e+01
9.954632613403012442e+01
9.664583583171564385e+01
1.087655614970176856e+02
1.156732468985551066e+02
1.133584899347509207e+02
1.110510002785837713e+02
1.065145689491001235e+02
9.475975400725424436e+01
1.200568408480979912e+02
1.057899932449021634e+02
9.942402608704765044e+01
1.298506185414795482e+02
1.061195779780558155e+02
1.016230254753860720e+02
1.164367263332851934e+02
1.291482947915628188e+02
9.003061632441159645e+01
1.232721445544835035e+02
1.094531254631198465e+02
1.272576629635871228e+02
8.312859144572823311e+01
1.045217569477852209e+02
1.294622767900613383e+02
1.015564291054930663e+02
1.250671295621942392e+02
1.190584704442422748e+02
8.890751676199444375e+01
1.120934310367126159e+02
1.216334352403157482e+02
7.507003173592414669e+01
1.246321427666501478e+02
9.712517196856363455e+01
1.124459030792085628e+02
1.025512381715899721e+02
9.017910834231484785e+01
1.030869762352752161e+02
1.044332639017092106e+02
1.172527271598170557e+02
1.179279902206169908e+02
1.108316994519175580e+02
1.130013892603450500e+02
1.554047209343219720e+02
1.237697016823447456e+02
1.332572443009803749e+02
9.789893605049850578e+01
1.409909456739926839e+02
1.579905590741896617e+02
1.038029518875524104e+02
1.057300947185983375e+02
1.103457450815433134e+02
1.353268636310321256e+02
1.299729466734922312e+02
1.052951736906140212e+02
9.791210602265947216e+01
1.006990740859159956e+02
1.298382620738761943e+02
1.063025067073539702e+02
1.084048657817876915e+02
1.274701275759643408e+02
1.195272016868723597e+02
1.293348696581815034e+02
1.370075066205224346e+02
1.242262724073780191e+02
1.370006358315060311e+02
1.544079199708968133e+02
1.108547741330754945e+02
1.336542000405816566e+02
1.287335750743930589e+02
1.001442094073625810e+02
9.378216477045681643e+01
1.013508887535616907e+02
1.189928109164731893e+02
9.497637635471829753e+01
1.302487088050883415e+02
1.322974129375281791e+02
1.136240225225930089e+02
1.377887006691889269e+02
1.145626191848996314e+02
1.306966091364758427e+02
1.149989623989315106e+02
1.249307904711483701e+02
1.395396694087854712e+02
1.079068588361099046e+02
1.289000752218479420e+02
1.003156785669061009e+02
1.243661319139311843e+02
1.083140477776863122e+02
1.022157784944012064e+02
9.963840903668901205e+01
9.810281514342545961e+01
9.820305556097248711e+01
9.970549073459906708e+01
1.079027136449727919e+02
1.323545062436733986e+02
1.339166085574867964e+02
1.270227028151185493e+02
1.319869515319462323e+02
1.313465813175268124e+02
1.003117084036749560e+02
1.012822626383404128e+02
7.671635460988159139e+01
8.629279609401062601e+01
1.174104587331595582e+02
1.224226134735186662e+02
1.024978289543501120e+02
1.162130156180038227e+02
1.236697570571364508e+02
1.090722035140792627e+02
1.118344704924616053e+02
9.349015848545191432e+01
1.109636085622848327e+02
1.224713052381509613e+02
1.123256210084162205e+02
1.223447135588482269e+02
1.134660353135312363e+02
1.269947548892955638e+02
1.176024368535229740e+02
1.103417476718897206e+02
1.131682450622879230e+02
1.143368567632218600e+02
1.051000710612077569e+02
7.469124450958682360e+01
1.312160134185216407e+02
8.612292014589675659e+01
1.307176523923580191e+02
1.185604891980705418e+02
1.200612798302338575e+02
1.324330203119150724e+02
1.243798728991764477e+02
1.040329853043346162e+02
9.626559119805087050e+01
1.009379418519420142e+02
1.152449219987719289e+02
1.167207748797760019e+02
1.388441075994000187e+02
1.113287663581832589e+02
1.262717582595694381e+02
1.292592045053128231e+02
1.232239912926306005e+02
1.101621691059249599e+02
1.109907892963554445e+02
1.310881886306211470e+02
1.245003655728213943e+02
1.212374974680096358e+02
1.333209855894613725e+02
1.132795308773754783e+02
1.030638892627562626e+02
1.252983589489666230e+02
1.331717913852047559e+02
9.188608583582939104e+01
1.309682235717503431e+02
9.332298486364709333e+01
1.304432864673503332e+02
1.257417366183950520e+02
1.014177980557130923e+02
1.102667976074085345e+02
1.134657914572209876e+02
1.087396556746170120e+02
1.236719893701922075e+02
1.039719883477774403e+02
1.191088619081124307e+02
1.146043522763517899e+02
1.345185417722174464e+02
1.155057563969766932e+02
1.198456308130109988e+02
1.270209619172976829e+02
1.080034656919656868e+02
1.036236389322587428e+02
1.128620480634320273e+02
1.237903604214424860e+02
1.339850683610890201e+02
1.293079277949377968e+02
1.265924858245484614e+02
1.351880324606784143e+02
1.093885154471662418e+02
1.047799122768672362e+02
1.246642779171392732e+02
1.116871169134194730e+02
1.741537995709010715e+02
1.206599542354152845e+02
1.115190832650447845e+02
8.706484959989667516e+01
1.065565164982141084e+02
1.168379996513989312e+02
1.029673014482921047e+02
1.083868563447699955e+02
9.952343093767655091e+01
1.091941824082759638e+02
1.456327498080022451e+02
1.063598548169550213e+02
1.682593552606462595e+02
1.328904620898504163e+02
1.079334100974998734e+02
1.048049711912449453e+02
1.041664273462490087e+02
9.870569033555300109e+01
1.057254540296125214e+02
1.113361136010619532e+02
1.218518292592092820e+02
1.269400391941255748e+02
9.956633450205093538e+01
1.308933989922177830e+02
1.304867695443705031e+02
1.168604875759978370e+02
9.422236760703214031e+01
1.220914225704121208e+02
1.349531654973118009e+02
1.003665783327652576e+02
1.083257717870039869e+02
1.031858145477449398e+02
9.484636357100730208e+01
1.364785989101755206e+02
1.029050436528705603e+02
1.069425269283038205e+02
1.140181393846705902e+02
1.192726651011903556e+02
1.030657596303095289e+02
1.118821787797165115e+02
1.114659812431828243e+02
9.971584510130861645e+01
1.065005385922090397e+02
1.167653644827913126e+02
1.338381323153060123e+02
1.313107446785953698e+02
1.147829151646193111e+02
9.422740147523525422e+01
1.310476205059707127e+02
1.272240567583164079e+02
1.141599374478975619e+02
1.088040182273642245e+02
1.158297589195448012e+02
1.000967238853742316e+02
1.161559519909091591e+02
1.392750070321051226e+02
1.181445653048020574e+02
1.322004360193447496e+02
1.244558220855534216e+02
9.862189334091632986e+01
1.282171100345992443e+02
1.096191511727173520e+02
1.437713266348238790e+02
9.762058298358361697e+01
1.124835901009086996e+02
1.010793636058863569e+02
1.264716923327218865e+02
9.375397112712040837e+01
1.083520502691382319e+02
1.062297025251944831e+02
1.077534596231237884e+02
1.081972305065217341e+02
9.949031760227796894e+01
1.002352914076134027e+02
