-1.178794767046442473e+02
1.575077966815956643e+02
1.423376998444806816e+02
9.705972719591296993e+01
1.747073869709666099e+02
9.979178462707338326e+01
-1.773385395220407190e+02
-1.972487073886000086e+00
3.225143574377764111e+01
-8.992643500044519556e+01
-6.794860400261558198e+01
2.892940731435761137e+01
-1.555103719192893834e+02
-1.350239495446828641e+02
1.710823565699311644e+02
1.446246909601936750e+02
1.021667295425505984e+02
-1.099943276610364933e+02
1.120594821601390549e+02
9.995273767164506751e+01
6.031164898782756723e+01
1.687106375335153530e+02
9.060993119094609938e+01
-8.877304032610399531e+01
-1.704524533021302659e+02
-1.471127035993360721e+02
-4.473572421847135416e+01
-1.413178560284050036e+02
-1.596120797729884089e+02
-1.244393769977330209e+02
1.517090291590809557e+02
1.434545287508537683e+02
-8.456733562550427052e+01
5.332567647833129598e+01
5.316193123693609124e+01
-6.836529356934291002e+01
1.438820078138965641e+02
6.079046295933071065e+01
1.278051605987540285e+02
-9.766707426634478395e+01
6.923476964349775642e+01
-1.562244523725884449e+02
1.025849241746169156e+02
9.661069526788828910e+01
9.449930734599125515e+01
-1.388054885536588472e+02
-6.206986840749881651e+01
-1.555063271275034822e+02
-6.206240419652174012e+01
-2.214611661178101709e+00
-1.065570669534413071e+02
-1.225749195520930215e+02
-4.717321968997457304e+01
-1.243778494689387344e+02
1.240126550570525268e+02
-1.666295778076203362e+02
-1.795190801559490410e+02
7.113710729428892421e+01
1.711899600693047603e+02
5.357934206906210051e+01
1.793532017429712653e+02
1.505656290530093031e+02
1.036512225229707838e+02
1.188549547028795956e+02
-1.771741609109120077e+02
-1.557330784833183088e+02
-1.652957745126240070e+02
6.450322426399964115e+01
-5.589523850623353241e+01
6.649726010240762264e+01
4.523478363132348079e+01
8.446989109603197221e+01
-3.533947465888813610e+01
8.517924080459678748e+01
-4.592811916517548099e+01
-4.168660057142101749e+00
7.567298921651945420e+01
-1.207597857613290557e+02
8.061558261577839346e+01
-1.297406036361205572e+01
1.882110987610298736e+01
1.568662764622657733e+02
-1.466621768731830571e+02
-1.105188622885592338e+02
-8.310037778060129199e+01
5.845029230161328249e-01
-1.339811385168212894e+02
-4.899918565943639948e+01
1.509548242666698457e+02
-1.659598668782419679e+02
-1.722526041575968918e+02
-1.288453182393763257e+02
-7.523835600180271399e+01
-6.525620601590119918e+01
8.044339017925858570e+01
1.115873501491934974e+02
2.420661573835409897e+01
6.489262645845484201e+01
-1.066552637997445885e+02
-1.790702197742891713e+02
1.779577064924041565e+02
-3.818337918067751247e+01
1.170814807738725278e+02
9.973322321029439763e+01
7.614392659748877179e+01
9.013897655664189301e+01
1.394864343642598215e+02
1.094326542439762733e+02
3.934127989040934636e+01
-1.151374073410768517e+02
-4.928108597231489796e+01
1.324614509250998253e+02
-1.263558911410059125e+02
-1.593063334440460892e+02
1.666925178687639288e+02
-1.759784898079456070e+02
9.080388158266885057e+01
-1.251558264396939819e+02
-1.384637298401169403e+02
1.607129569470858428e+02
-1.215445446197608561e+02
1.651922635813127158e+02
1.735367684908599983e+02
-1.617587984025099956e+02
1.755476333232945763e+02
1.693951246468263605e+02
-9.956744014804274912e+01
-1.562021751944051573e+02
-4.327517977034672469e+01
4.126196765470540129e+01
-1.743601727120692999e+02
-1.466459678473445081e+02
-1.377138806218325051e+01
1.150462216843813366e+02
2.402605283696178518e+01
-1.670623679660232241e+01
-1.528965778781355596e+02
-1.186583921518185178e+02
-1.553633823810825731e+02
-1.389668904570217194e+02
-1.149027700594746619e+02
9.940360543394466220e+01
6.132374264541743258e+01
-1.540126712282301753e+02
-3.187789346145116198e+01
1.093441768772583913e+02
-4.537754144270865453e+01
-1.707931172925903525e+02
7.559537737932933510e+01
1.144821834457737140e+02
9.091310655696277365e+01
1.735174411687684142e+02
1.788823237834356803e+02
-7.969141215288132685e+01
-1.290138255628245076e+02
-1.572974975220135434e+02
1.482816203820931094e+02
-1.563590416238169496e+02
6.880510580732015491e+00
3.959816821040308099e+01
1.538545274094286412e+02
-1.189364995483336855e+02
-1.627318836315050419e+02
1.541193951459633809e+02
8.549667606657108365e+01
1.091974929951428663e+02
6.586530814642928533e+01
-1.092042861446436461e+02
1.564472559597658119e+02
7.155409848652563198e+01
3.718895281791889573e+01
1.195061627720158697e+02
1.142808584665588398e+02
1.341315981944479745e+02
5.713315584308863038e+01
-5.011345589337199868e+01
8.271108593143199528e+01
5.417461112932101486e+01
4.917162912073030157e+01
-1.541285818788560391e+02
1.519147078616915678e+02
-1.763284814431579832e+02
-1.057035168529064890e+02
7.009422774145444635e+01
7.123889287085813748e+01
9.623653613687885411e+01
9.113457198281550120e+01
4.867826993927846502e+01
1.564361139000593255e+02
-1.558204675011178892e+02
-7.067867277163163919e+01
1.550435465265186110e+02
1.057601393562205629e+02
1.557766735334946588e+02
-1.710317181984005686e+02
-1.686090184958618465e+02
7.645110006980711148e+01
-1.284385476256925074e+02
6.274171401991291930e+01
9.211325618452970332e+01
-6.467727363544690888e+01
1.872207782363492168e+00
5.785586052674710800e+01
-6.075702712496825697e+00
1.309736014772539932e+02
-4.823266505679458049e+01
-5.075118170886207025e+01
8.328906574037024768e+01
2.668111962277018279e+01
4.252763907335825877e+01
-4.119860762513052777e+01
9.878321423056685546e+01
9.047050286894469195e+01
3.515007545040084835e+01
-1.228498746802003438e+02
1.717485976972840112e+00
-1.351541911474180040e+02
1.488496312203876641e+02
-1.573315535304090247e+02
1.365073902577310037e+02
-4.210758402987418236e+01
9.622997623233412412e+01
-4.846637487854056303e+01
-6.887832158621557710e+01
-1.761713664122716239e+02
1.711136506998405196e+02
1.148289873110405352e+02
-1.487700239709249672e+02
7.669298806990215667e+01
-1.086952971667342212e+02
-1.560369582900725334e+02
-1.543187662196008603e+02
-1.684842610952147197e+02
5.638063513156388495e+01
-1.249602502988156942e+02
1.046551745634028805e+02
-1.738685386648154747e+02
-1.715367050291859528e+02
-1.678233482531790344e+02
1.661973433069091470e+02
-1.736971796144642042e+02
1.178488721010525708e+01
6.915863552113482626e+01
3.016775639974029488e+01
-1.379475737883743420e+02
9.977921174030699092e+01
-1.519761605417923533e+02
-1.781436436066979923e+02
-1.291618593408859965e+02
1.615589007096861280e+02
-2.363719386236435938e+01
1.662255421832804529e+02
-1.796695693035353827e+02
9.663776172079150228e+01
1.778701726241962717e+02
1.488029341083040720e+02
-1.679726723884725459e+02
8.315458532056052832e+01
5.752855713147006611e+01
-1.571518754387813033e+02
1.795146251978523253e+02
-5.853666662122251552e+01
1.164897693436059853e+02
-2.400060846368105416e+01
6.956681959745235133e+01
1.446003059928294476e+02
6.196843313391659080e+01
-1.512343682565712868e+02
1.195745601641115599e+02
1.729144577361294637e+02
-1.498822911739369488e+02
8.844453142962564129e+01
-4.114926529555165047e+01
9.608361653454743134e+01
-1.504401171018013201e+02
-1.529349967891064637e+02
-1.530606188530816212e+02
-7.853313450547744878e+01
-1.121610327232560955e+01
1.588455675666436662e+02
-1.217399615007221492e+01
-8.593235673664293017e+01
-1.768581357485046794e+02
-1.579539182835540601e+02
-1.386256751042280371e+02
-1.400461965298092366e+02
1.689315307647661655e+02
-1.773936818046094572e+02
-1.664538759137030581e+02
-1.000975555349449877e+02
4.034624884187979887e+01
1.676651227939161686e+02
7.519066276191469456e+01
-1.224374626450893970e+02
8.117736802772927263e+01
2.526419355207549700e+01
-4.024285877047958593e+01
-1.541586752212032820e+02
-1.407674339618735644e+02
9.222701113353573987e+01
1.191301318115676082e+02
-1.639830829239358536e+02
-1.595931391079537320e+02
-2.662176529606929165e+01
7.556361874557659064e+01
-1.418550706888457285e+02
-3.141308802128030564e+01
5.682987203034198131e+01
-1.170472357158797081e+02
1.148100142426890642e+02
7.738831806372274968e+01
9.426720785694041638e+01
7.495501941530774559e+01
6.803707761705952350e+01
-5.011327341430808247e+01
6.542040759307211317e+01
2.729105046807708490e+01
-1.032574338537350229e+02
-1.228680273440404989e+02
-6.295875738863364290e+01
1.062881696366771678e+02
-1.503785997312441793e+02
5.764704790835664738e+01
1.175332248878707588e+02
-1.495315622191767204e+02
1.518944322985257145e+02
7.516943531425474134e+01
9.255390202556105805e+01
1.044100085578334074e+02
1.529191340689885408e+02
1.918130287661569255e+01
8.653467367331044713e+00
7.511616852565848035e+01
1.794136356861296022e+01
5.051276605257872632e+01
1.299468732361757475e+02
-1.684579125890431328e+02
-1.774879088393783491e+02
1.495023717183629515e+02
-1.339355893348710822e+02
-1.702387763211071672e+02
1.784131638314749466e+02
5.276190458527246818e+01
8.083751724991134324e+01
1.344391508124416248e+02
1.285489754842064372e+02
6.515994732979220316e+01
1.568996175101960660e+02
-1.685529405147295847e+02
-1.654402549044404509e+02
7.420407449006117417e+01
-1.175692132838963886e+02
1.178604543964758449e+02
1.469291915330449285e+02
-7.707829709801333706e+01
-1.496509638097822688e+02
-1.039885010943379626e+02
-7.742530306892792424e+00
-7.198899681938799233e+01
-1.314778309283177578e+02
-6.228817876978178703e+01
-1.628105423866309422e+02
1.214990095706130120e+02
-6.346174210477914102e+01
3.742421413097229532e+01
-1.265680917613573087e+02
-1.610937339750806245e+02
1.790934497963709759e+02
-1.779782211648927444e+02
1.788802247923659650e+02
-4.826832826096718065e+01
2.701210037233695260e+01
1.785828448137884195e+01
9.950056670805049919e+01
-1.565878732306546794e+02
-1.731960263363735066e+02
1.750255885548965864e+02
5.063843428272195268e+01
1.598907690478032748e+02
-1.151481420902915431e+02
-1.586158276657419606e+02
-1.470593006709595443e+02
1.447727180481174685e+02
9.075819532402823597e+01
-1.727555682394762471e+02
7.639392672050968258e+01
7.568903050755157835e+01
1.326268573790562186e+02
-6.714920919364695351e+01
-1.358973843756800761e+02
2.987200218093492055e+01
1.125254540130523537e+02
1.163319823274949698e+02
5.103752765151283910e+01
6.483826411012600488e+01
-1.142346106200972997e+02
1.367444175282457763e+02
1.200858773722043793e+02
1.646219052368660982e+02
2.934956096689839811e+01
-1.833738122314295182e+01
1.005662984451710287e+02
1.094494167305222874e+02
-1.327506244548738152e+02
1.416221767443302610e+02
-1.010302038069888226e+02
1.778146574700731435e+02
1.103461475599538204e+02
-1.001044637728845998e+02
7.450433942204632842e+01
-1.365644674031171917e+02
4.495018055584716166e+01
-8.557554273847024717e+01
1.097505868522411276e+02
8.855734064185575960e+01
-1.165534173940494043e+02
7.380978687202492949e+01
-1.410601028312076153e+02
1.258367831015684004e+02
7.008180184426925052e+01
1.104231841371869649e+02
1.140423542225597657e+02
1.205156384062525632e+02
-1.537791965590507175e+02
-1.118486979676155784e+02
4.972629689364050876e+01
-3.189038479342845278e+01
4.060254364939972760e+01
-1.403349539665463226e+02
1.002987161231243505e+02
-1.798252870278304556e+02
-1.446367325570568880e+02
-1.599248969997055383e+02
-1.181534852923657155e+02
-1.480343589654037260e+02
1.761564100404631574e+02
-1.466743679260654964e+01
-1.629025105032470719e+02
-1.385312738673873696e+02
-1.403411072228243484e+02
1.103360294615087156e+02
-4.120761804116776972e+01
-7.313557299581150062e+01
-1.376084547924072865e+02
-1.674302768989196863e+02
1.114024662820667544e+02
-1.302098237614736718e+02
1.201428584146268150e+02
6.984802795939539521e+01
-5.344351992941584939e+01
1.153932561482792636e+02
1.332028734694839613e+02
1.060448565396824527e+01
1.543223441676433936e+02
1.116167513146623094e+02
5.584539230977010504e+01
1.451826047046075985e+02
3.011229233036943231e+00
2.386851430361008042e+01
1.555340730647560754e+01
5.349934733909175577e+01
-1.788830243235401269e+02
-1.304588773471493539e+02
-1.667519957229784779e+02
-1.624079900474172007e+02
-1.427414162914757014e+02
-1.312665354053154090e+02
-1.538788189599112854e+02
-1.439242188226723158e+02
-1.378482719344061707e+02
-1.607966321052550143e+02
1.302536353306290380e+02
1.396019566222429376e+02
1.622354873907432307e+02
-1.628246806975694483e+02
7.641096580972480012e+01
-3.825080966019118733e+01
-4.066693512653680642e+01
-1.057804271013815338e+02
-2.667962128357158136e+01
-3.264141782291818572e+01
-1.113642887772616064e+02
1.554934061162747696e+02
-3.328270750937750933e+01
1.399992929171327205e+02
1.370411622173400303e+02
-8.787945914299351102e+01
5.388241748755680760e+01
-1.459056770518435826e+02
-1.100228872992280884e+02
-1.261825792047878565e+02
1.085796039185781154e+02
-1.349234659865846311e+02
9.494818023789648009e+01
-7.085973228054874085e+01
-9.669665975218431697e+01
-2.953709297677878354e+01
-9.960267811460745691e+01
-1.158661903538372400e+02
-1.146705021644627891e+02
-1.740681575318378975e+02
