2.662791180118105228e+00
2.720105023077894923e+00
2.932938092663943230e+00
2.999013424264451722e+00
2.495858702433846332e+00
2.986977138651122132e+00
2.968023878062548526e+00
2.604310885153198640e+00
2.856622685140556950e+00
2.751259369546418032e+00
2.770982623185697769e+00
2.746547414527740205e+00
2.792021961768905047e+00
2.668426069010240376e+00
2.839996562969068439e+00
2.940936951160589619e+00
2.958719423993485087e+00
2.630247777382838770e+00
3.095109384494542315e+00
3.032059706003733091e+00
3.057220849373086136e+00
2.787573067806335736e+00
2.987453080542678219e+00
2.510249594350672186e+00
2.798851541130590981e+00
2.618363111178285241e+00
2.718296564668599480e+00
2.587728143485619192e+00
2.625806518509238963e+00
2.635040516342218364e+00
2.962688518115297320e+00
3.006938637049342056e+00
2.495799327044923022e+00
2.973041011987099580e+00
2.993815341338207148e+00
2.525383055435021173e+00
2.911828812831352753e+00
2.968031611772424139e+00
2.985686469243063357e+00
2.595735569918058427e+00
2.927150128800794615e+00
2.711734461775122007e+00
2.943029345061012325e+00
2.963582964695442357e+00
2.930586577530379877e+00
2.740154004376609720e+00
2.654442153968668450e+00
2.870624440464149885e+00
2.427554373041797664e+00
2.947048535138817815e+00
2.687831119416519421e+00
2.759129221717833147e+00
2.970869683414062212e+00
2.742433599101572916e+00
2.701030506024150402e+00
2.566754586399137672e+00
2.726618547762090117e+00
2.953336490851075968e+00
2.869369652234917467e+00
2.965580604868389702e+00
2.773921757763721629e+00
2.656274290688836803e+00
2.987261138471392741e+00
3.043291845274827434e+00
2.514930762760091643e+00
2.743523593554066498e+00
2.706867780153808578e+00
2.955826491500324948e+00
2.411974679854347769e+00
3.048846257938600424e+00
3.048712488013478161e+00
3.009526778628285992e+00
2.489442055830175526e+00
2.791447782098374297e+00
3.044494756777036404e+00
3.023232374082233331e+00
3.007893243627939750e+00
2.563852073257824937e+00
3.000533871437348399e+00
2.648514702563577128e+00
2.945890912966720343e+00
3.017733438241478883e+00
3.079623245799269160e+00
2.621930033006578675e+00
2.368319995520282717e+00
2.997785811635243380e+00
2.790521441706042882e+00
2.972195548712982749e+00
2.725050183286763072e+00
2.821979066322315877e+00
2.555305971283664324e+00
2.799604938780664298e+00
2.782401973359599268e+00
2.641374829976963046e+00
3.061936362650586219e+00
2.921008620078563656e+00
2.879851936608670115e+00
3.010374350782594188e+00
2.622574432720976123e+00
2.592334682044180383e+00
2.771708591075300987e+00
2.495165084887380758e+00
3.012006354500178062e+00
2.988737875125260235e+00
2.979997070860697761e+00
2.911571585164365317e+00
2.963453645235297973e+00
2.975489132566045303e+00
2.927195404638821330e+00
2.455070060912786900e+00
2.627285861999594019e+00
2.869781998786309796e+00
2.688045628324200020e+00
2.731100049361800952e+00
2.719374822925451962e+00
2.748495648034788630e+00
2.721550499812156687e+00
2.755636040742806436e+00
2.689914237017497545e+00
3.028947297928498816e+00
2.905763637158687462e+00
2.767541131358831397e+00
2.591496029445055971e+00
2.631851027857149639e+00
2.706594880347214183e+00
2.757609208228533060e+00
2.632318118778045779e+00
2.724153565195257087e+00
2.388831902158840670e+00
2.979594321630040454e+00
2.815590241024814588e+00
2.587888845281309358e+00
2.640287622002990275e+00
2.945111945803151610e+00
2.899717417476650017e+00
2.504776210560301752e+00
2.629810648268978035e+00
2.673407882391807266e+00
2.750779499743477352e+00
2.546833112851394798e+00
2.633024525109413538e+00
2.654689563771761573e+00
2.732624714076058670e+00
2.582123290215098343e+00
2.613878766135033782e+00
2.949229210535546652e+00
2.605542597168207131e+00
2.740433677952234248e+00
2.957681382745236398e+00
3.021046647245042127e+00
2.935001771805660464e+00
2.612178205103767858e+00
2.690579298138830566e+00
2.658371080377531559e+00
3.013489549706971804e+00
2.804609976444934816e+00
2.657171410614144413e+00
2.739306328920451783e+00
2.728224037324414653e+00
2.802392388462106254e+00
2.561360839839399883e+00
2.645083717923803590e+00
2.688363178088272409e+00
2.802308943045524803e+00
2.947147588943760610e+00
3.012320558836108386e+00
2.995518014151708819e+00
2.774930693165962303e+00
2.783039523747270039e+00
2.929066206763607294e+00
2.891008138571823149e+00
2.878343383213246565e+00
2.957140411148494685e+00
2.918987815449637591e+00
2.928267038661355848e+00
2.524126226492791503e+00
2.857761385590580794e+00
2.927054540390411574e+00
2.732437195146167674e+00
2.551525312397175504e+00
2.702924015114406942e+00
2.729106985316065437e+00
2.715172985820751173e+00
2.988780094665354881e+00
2.995181727439013564e+00
2.978393503294097577e+00
3.001948134653805056e+00
2.844262550426590597e+00
2.687812705403217262e+00
2.730659231491945338e+00
2.618719032902560251e+00
2.921237111684750865e+00
2.938288038618483089e+00
2.778692568561596410e+00
2.701664207900429826e+00
2.728541309335070331e+00
2.915847729996672744e+00
2.571617659332614991e+00
2.930644261749260071e+00
3.014510644387349281e+00
2.659495207847428322e+00
2.621419608007626412e+00
3.023570565416511702e+00
2.934577109346263146e+00
3.018005521164324190e+00
2.477230546888514073e+00
2.553464041955266772e+00
2.961358943891800877e+00
2.946885166666808775e+00
2.555136567699836103e+00
2.569218450425748479e+00
2.979989106044921066e+00
2.938578742591287707e+00
2.904050045189568330e+00
2.609473994510781214e+00
2.716767317333475873e+00
2.520067947051887636e+00
2.684080773474594839e+00
2.684205376021805201e+00
2.585851223592014581e+00
2.838020356453873294e+00
3.057047951658640184e+00
2.612981325241919617e+00
2.563544563881636318e+00
2.649676652617779293e+00
2.758434733014091034e+00
2.692620854224408333e+00
2.427220654145811007e+00
3.038137574901415672e+00
2.557875480323954509e+00
2.725087398211652800e+00
2.681299367489941243e+00
2.706863677861112816e+00
2.747710460011040912e+00
2.783288124952667530e+00
2.715621323861432845e+00
2.690027187224443672e+00
2.770997886458233861e+00
2.637858011256564605e+00
2.690203390111834292e+00
2.615404196751732080e+00
2.560053020534147183e+00
2.892446679140272980e+00
2.927401217220805041e+00
2.570979561846490569e+00
2.859001040000907601e+00
2.497324041925883087e+00
2.678585399861676208e+00
2.686898547997255360e+00
2.628025158359026836e+00
2.609922940806486569e+00
2.683807565063655254e+00
2.650170649580203097e+00
2.973165994497739995e+00
2.681278285754505664e+00
2.566057877967332868e+00
2.690682620623880972e+00
2.993653777316829245e+00
2.726092587496714348e+00
2.580149941850169437e+00
3.031017983785277981e+00
2.996923923309397608e+00
2.912255612668343652e+00
2.696388870111884994e+00
2.931934519297837660e+00
2.576980083532272481e+00
2.916231788857563068e+00
2.594356835366351088e+00
2.811357476118686805e+00
2.729439235600773728e+00
2.553448792733197692e+00
2.981713265249609002e+00
2.534644112111174241e+00
2.903906564363796239e+00
2.565512520061513424e+00
2.831601376798803749e+00
2.799564735271594884e+00
2.648061068372513205e+00
2.778726511009251610e+00
3.026690776895636592e+00
2.436294008644440900e+00
2.541984787649433475e+00
2.629114990450490019e+00
2.657042922548694008e+00
2.691817257576748723e+00
2.638006760517686011e+00
2.821072916207184811e+00
2.794567078728317888e+00
2.751654829805050273e+00
2.599438902360658776e+00
2.929447232495197451e+00
3.034413215255221896e+00
2.955727272802048056e+00
2.566710465607405567e+00
3.023945044692446515e+00
2.853402318402974203e+00
2.721845980921209662e+00
2.615714582125264531e+00
2.641865741650258670e+00
2.970508228749197510e+00
2.973432000766498717e+00
2.524680461243389296e+00
2.566591267126388409e+00
2.624979004222181445e+00
2.986712999042460570e+00
2.642313550944811684e+00
2.697585311499533400e+00
2.975518171149893920e+00
3.043909579411491428e+00
2.953327722687611345e+00
3.026416314867137025e+00
2.883296576300747649e+00
2.960791514487854492e+00
2.921877845956050823e+00
2.585894834117701269e+00
2.997413487176920022e+00
3.013486384335269275e+00
2.531128036298173622e+00
2.690119606961319132e+00
2.646494978009978905e+00
3.105575178980301665e+00
2.620807100600162975e+00
2.937920891488157160e+00
3.008816074757350911e+00
2.695365201350858442e+00
3.033832800764240112e+00
2.913941395918807409e+00
2.931747034199890578e+00
2.892978297131262089e+00
3.064792098924811636e+00
2.931567404289074474e+00
2.689938763093360663e+00
2.979391462436814297e+00
2.698739037546420860e+00
2.934142691997851493e+00
3.032295903563101636e+00
2.608888116745165409e+00
2.692283657450371237e+00
2.794223593785132742e+00
2.680715144987971588e+00
2.739017004157929147e+00
2.691629098172211521e+00
2.964202825073487091e+00
2.993122557772170733e+00
2.959517246114054423e+00
2.959440947286803958e+00
2.984899803653810579e+00
2.701752904029264268e+00
2.634015477014697737e+00
2.646697771603234273e+00
2.639708019691854535e+00
2.732483887630843711e+00
2.950242615850197314e+00
2.672173694775386910e+00
2.659323528820582982e+00
2.864977507459871564e+00
2.763545735935572178e+00
2.661581477159264519e+00
2.803068460176266097e+00
2.608042667531723424e+00
2.583142078404985220e+00
2.807271024842475704e+00
2.943905006914893097e+00
2.752180727734444332e+00
3.017794084108396557e+00
2.553962223852114466e+00
2.696746707967606405e+00
2.845338158106853310e+00
2.718728666391754256e+00
2.698822040973580805e+00
2.686981543666869587e+00
3.035801512159208126e+00
2.598342870552863282e+00
2.907775208723938132e+00
2.755919689274985096e+00
2.687639708532466365e+00
2.901152553512027055e+00
2.893024372146179690e+00
2.854775810135870895e+00
2.580358444537054652e+00
2.781931376799684941e+00
2.691933820838506186e+00
2.500857472290677563e+00
2.926992006063467766e+00
2.702870267548705741e+00
2.936947392380958366e+00
2.968554048552374702e+00
2.962428527129119971e+00
2.506290038269556320e+00
2.895235269102775622e+00
2.781957688042237642e+00
2.916458681958491894e+00
2.975338698084784905e+00
2.841642294398945889e+00
2.741233312100096242e+00
2.731713498166266074e+00
2.942330789562253024e+00
2.596056744801316540e+00
2.604378612927343184e+00
2.870598278151315519e+00
2.494071758423227259e+00
3.031850804852799453e+00
2.650469928208662562e+00
2.599720072835730811e+00
2.618501985845167024e+00
2.624192631888468519e+00
2.651339255349177915e+00
3.019514933172960713e+00
2.612905951185958475e+00
2.838724223469387464e+00
2.671161422109742389e+00
2.965418380173082902e+00
2.425277796161410926e+00
2.871427002174666399e+00
3.046589775993566729e+00
3.029712169452136283e+00
2.786422548660102194e+00
2.618203034419165132e+00
2.990007412482102556e+00
3.064525326263427552e+00
2.880307173986297542e+00
3.036323588591710365e+00
3.001016353944518045e+00
2.758258408443264198e+00
2.405585973988413340e+00
2.950791747567525825e+00
2.578807088052340823e+00
2.906384945793500485e+00
2.496954567706023642e+00
2.709388385130186094e+00
2.642087033088919679e+00
2.771546590005455446e+00
2.745083050101070121e+00
2.657821911203518628e+00
2.755680680771119384e+00
2.593719632939536002e+00
2.535555788771378438e+00
2.869691688344619962e+00
2.692841180634196530e+00
2.932753969286724161e+00
3.073456486689116751e+00
2.388091928548064402e+00
2.548793686745093545e+00
2.773317469779614797e+00
2.660458493456462570e+00
2.955952262363302108e+00
2.896690368089696488e+00
3.041361384305796722e+00
2.995966008748133902e+00
2.407708869274463481e+00
2.904334713434596704e+00
2.928348728842455895e+00
2.899713087645976906e+00
2.538991904879919215e+00
2.884205616483873857e+00
2.900562496657137501e+00
2.648898005793816068e+00
2.670034731484144164e+00
2.525175861594887383e+00
2.539819300877035779e+00
2.950921715205249374e+00
2.678664363831570139e+00
2.697013779326544292e+00
2.553790261907975978e+00
2.523701370930781618e+00
2.717663095371337434e+00
2.584927117990064360e+00
2.728944717452013169e+00
2.676634373438667946e+00
2.650112589319446155e+00
2.655614289564140584e+00
2.960437950039374488e+00
3.049835479663733473e+00
2.825062967967230776e+00
2.693056165397933910e+00
3.005908035251497079e+00
3.043224273453708495e+00
2.588623947077559162e+00
2.718921712321496820e+00
2.654786330194435884e+00
2.649885814448106114e+00
2.683650554339477523e+00
2.941739564651092653e+00
2.876369766447198106e+00
2.952379419592815690e+00
3.042079168465054106e+00
2.499442896992593255e+00
2.921124739145718241e+00
2.625898536021437302e+00
2.676040802372701588e+00
2.589894420417627963e+00
2.612927348035202879e+00
2.564172103550670823e+00
2.997227463136577175e+00
2.764518502124064803e+00
2.585696551885260153e+00
2.920301476573727850e+00
2.723442719102021847e+00
2.586474448412888538e+00
2.654171879485762719e+00
2.664126915079124025e+00
