9.199371789412080602e+01
6.803453309998569409e+01
7.644099161110416674e+01
8.858094801423136744e+01
7.971300701546925893e+01
7.248703390562322113e+01
6.450723289931120519e+01
8.100229695298500587e+01
6.546699959217069420e+01
8.229246031620611745e+01
8.837315307827644517e+01
7.487659433901824002e+01
8.149539680724032564e+01
7.792830993071316925e+01
7.415369025117367130e+01
7.654453251071164743e+01
8.984522943273363182e+01
8.606127351542804149e+01
7.553516294810944487e+01
8.578700660135767464e+01
7.986090781145389883e+01
7.881994307189798121e+01
9.173709100227905822e+01
7.172450023511339623e+01
6.703157432381148340e+01
6.165116112704377827e+01
7.204336796877549887e+01
7.469456214731533805e+01
7.546673154457904786e+01
8.058062310146927132e+01
7.335768611276114370e+01
7.816986602117424354e+01
6.584017858358798492e+01
7.138246985830892299e+01
7.993701378098019461e+01
9.101152672113614983e+01
9.183364846064425535e+01
8.984155477723277272e+01
6.576577887444329917e+01
8.702885280227955889e+01
8.994007276306957976e+01
8.752585231503051943e+01
7.298430685018850284e+01
6.649499586848732235e+01
8.494639102364226346e+01
9.496812774210614805e+01
8.037450274738743872e+01
7.736708115774402472e+01
7.179344411217368815e+01
8.152565136565010562e+01
8.522435778526207173e+01
7.765705308143621721e+01
9.072645106278274341e+01
8.492277048014919671e+01
9.276321659628059990e+01
8.905789260760086279e+01
9.156689470230317340e+01
7.339545080607422278e+01
6.194463828495396740e+01
8.717426063150450943e+01
8.716961214898529420e+01
9.099019107758151392e+01
6.895085681130913713e+01
8.502049300192325632e+01
8.833386326816994938e+01
6.924673608610419251e+01
7.473385286243168935e+01
8.420578513397178710e+01
9.204181346555724019e+01
6.269127624620748662e+01
8.837887566024863872e+01
8.557436614620105786e+01
8.825762682666101000e+01
8.613771990264508815e+01
7.194734628859711734e+01
8.078134611773103302e+01
9.158838977182534791e+01
8.299930943611578016e+01
9.032382953034583295e+01
8.836240482964673504e+01
9.621527987012970584e+01
7.672764799635177724e+01
9.594665350466969755e+01
9.005155939745581861e+01
6.438701967060580955e+01
8.114216107867927974e+01
7.737980706450483126e+01
8.197861320180525979e+01
6.959104566364231914e+01
8.285380495116740462e+01
8.700039034215878075e+01
7.928164923363864602e+01
8.997604652588300667e+01
7.675732024110644147e+01
7.746202683221321195e+01
9.249718880954317513e+01
8.628910860583889075e+01
8.462414210103769108e+01
6.825082423557894629e+01
6.557649916219870079e+01
6.460781178967243932e+01
6.890387903528390723e+01
7.520047741296414756e+01
8.242744753939325619e+01
9.034649077832688135e+01
7.759177560057450762e+01
8.871162468874594254e+01
9.809134733699519870e+01
7.378208448447867340e+01
6.384383875007991094e+01
7.538905638975947454e+01
8.631531253908151768e+01
8.995944745596456471e+01
8.742181108175972781e+01
8.021650320440657822e+01
6.413163490314420301e+01
7.949276781464000408e+01
6.965993139144130453e+01
8.378147377386019912e+01
8.030657740691253821e+01
9.542198959853038787e+01
6.472751792374462809e+01
8.973905855089543593e+01
8.053457848511025929e+01
8.670523414990684330e+01
7.523464066381636428e+01
9.539904122695322997e+01
8.161554038887322804e+01
8.568426590509038476e+01
8.545651068207840240e+01
7.599895606307829610e+01
8.526398552142873655e+01
8.246249783603721539e+01
7.787764289996410128e+01
7.412900201837524605e+01
7.413815838941901859e+01
8.051809786166644756e+01
7.705053826481268686e+01
7.838722752351351630e+01
7.967697541431961383e+01
5.907077246171837714e+01
7.191612975666552643e+01
8.984405292832404655e+01
8.889446101499665076e+01
9.690529525436313918e+01
8.137328898178820680e+01
7.706596070681396782e+01
8.294085264317266137e+01
8.370200391693232689e+01
7.932324744824920515e+01
7.817093458853811683e+01
8.257226051227175390e+01
7.120687651319515510e+01
8.737302736139551484e+01
8.035225970515460858e+01
7.538112254602663143e+01
8.401257904677989075e+01
1.006497953005833352e+02
9.596986622508816822e+01
7.047389954516326327e+01
6.384656289257107176e+01
9.271893704260014601e+01
6.949082963153406922e+01
6.799350152882425391e+01
8.982105899813669225e+01
8.393490592045574772e+01
8.300160096761923967e+01
8.549892501570110426e+01
9.623620118297019133e+01
8.829418318100165664e+01
7.756664831666454063e+01
7.400517964447608676e+01
9.991026978061208297e+01
8.330559937275883442e+01
9.388937253472921896e+01
8.390961071431665630e+01
7.945419053520296870e+01
1.006127650036140722e+02
9.017939691921954193e+01
8.817308441822271448e+01
6.702905949240229688e+01
7.860103258171129426e+01
9.399826970452056685e+01
9.490260784398236638e+01
9.233829237097705800e+01
9.452739137952417536e+01
7.663595406374605545e+01
7.616360854107730916e+01
7.075478628650647295e+01
9.863719630646127712e+01
9.658867782042997874e+01
7.881792051230901563e+01
8.647448068759281625e+01
8.089429514702578672e+01
8.496817999279161882e+01
8.348014904635968492e+01
7.376922864195921647e+01
8.561251795603918424e+01
7.994314247811114171e+01
7.952870780562601283e+01
8.631958339548781112e+01
7.812664790974876894e+01
8.661430474348823338e+01
9.473798488835365106e+01
7.996699542654673110e+01
8.382988706376490029e+01
7.278662135348196216e+01
8.981847717385657859e+01
9.304216110306391840e+01
8.597040790902956076e+01
7.738104418661498585e+01
8.543215925459276150e+01
6.576974490965270093e+01
6.904884358509254128e+01
6.646318820487061885e+01
8.227154118681302464e+01
7.889565012548932543e+01
7.556227693042980320e+01
9.620327110338794796e+01
7.280229450559262716e+01
7.784541381381578162e+01
8.237059035023635545e+01
9.030307398229352600e+01
6.056011793129777487e+01
7.396226105203244572e+01
7.697713255942993271e+01
9.238500871052247021e+01
9.029002302350218656e+01
8.599629558761667170e+01
8.360699446521871891e+01
7.956620105656091368e+01
8.668029486724282151e+01
9.344650661994896268e+01
8.690799591053166750e+01
9.470089757546712406e+01
9.798196504089436587e+01
8.425741128570940930e+01
8.493848160615601728e+01
7.581550124209987018e+01
6.113181055892076898e+01
9.441812989890695462e+01
8.320650004411947975e+01
8.863131849016258457e+01
9.116312620622323948e+01
7.243439152765176914e+01
9.200049243406947141e+01
7.125876296875196658e+01
9.045400742519592541e+01
8.591916161571830912e+01
6.879666855613429277e+01
7.545801372751742520e+01
6.730908413344650398e+01
7.672458828964522581e+01
7.421137844466197464e+01
9.029237861541584209e+01
8.878595572893011934e+01
8.692784070178100819e+01
6.761259536751416022e+01
8.557293950415810002e+01
8.463552934178584053e+01
7.853987460690724731e+01
9.853995557405333727e+01
7.096679001161857059e+01
9.335659952853008292e+01
7.795938193282316320e+01
9.226428478132278599e+01
9.731881766087361996e+01
9.955037965993729188e+01
8.860222877515663242e+01
8.816898079904503049e+01
9.053697001231692809e+01
9.060615644509699962e+01
8.661351789805732437e+01
8.036878559848011605e+01
8.369077721919937574e+01
8.479445880307289940e+01
6.478408891073567588e+01
5.955893867360599359e+01
7.132341343009979084e+01
6.044358734886320406e+01
8.251378017264003972e+01
8.837536353424881952e+01
7.893150495919614684e+01
8.859949930081232594e+01
8.311465660306257064e+01
1.061582710332532713e+02
8.611714650190654652e+01
7.823465379712949641e+01
6.641004218564982864e+01
9.250368709144400725e+01
9.322190312652043076e+01
7.483185823014380844e+01
5.995329901349622759e+01
7.885101944171725563e+01
8.476344829475944209e+01
7.353972491400786282e+01
7.284162527355049122e+01
7.986537360223903192e+01
8.450182486244823110e+01
8.054955231584601449e+01
8.324348423024474641e+01
9.341560267600941359e+01
8.586611702067874319e+01
8.930714409243020668e+01
7.652927288373919623e+01
7.739047201558025790e+01
9.059919097435403046e+01
7.077980120102510853e+01
6.995105631938324109e+01
7.602869877782261199e+01
9.551950186521207797e+01
8.253440507784425506e+01
8.401886591812593963e+01
7.741119347235641612e+01
7.864503845578158803e+01
8.985983925579739662e+01
8.792770595562168978e+01
6.493784335314295220e+01
6.961892934586889226e+01
7.176843315969222203e+01
7.063008335188457920e+01
9.941056420974594232e+01
8.952324387921569837e+01
6.965090029259680193e+01
7.108104430290529763e+01
6.816936115470301161e+01
7.886155210614776934e+01
9.122360357607840342e+01
7.914405346034888566e+01
8.761079220192399930e+01
8.215954238904559759e+01
8.802865753881415856e+01
7.906481641412430861e+01
7.877797206479714021e+01
7.427090225791725686e+01
5.956194908875482241e+01
6.517915537902580070e+01
6.015481606968414496e+01
8.544345846403719236e+01
9.386084249381563893e+01
9.784187877144779577e+01
8.179328182584423246e+01
9.090788283040352269e+01
6.741463541881221033e+01
8.218927964200088354e+01
7.207846712621355323e+01
8.908919177265129008e+01
8.151194267220952838e+01
6.865452399705961284e+01
7.606083214871584630e+01
7.916408653037223075e+01
7.434643122004753479e+01
7.893370942002434276e+01
6.986444081652119564e+01
6.329434949276193834e+01
7.545878638484920486e+01
7.961930254613702118e+01
7.291106557740744165e+01
6.850469171842173921e+01
6.476699919125137228e+01
6.875552466265794749e+01
6.997092433792171562e+01
8.779878184179285938e+01
7.735523136471699956e+01
8.624217263256038279e+01
8.469456997541644228e+01
8.566697215198382764e+01
8.214341378512077085e+01
7.750735150514816496e+01
8.411088199720832392e+01
7.474852569280238868e+01
7.140454812379795158e+01
8.850940945379737457e+01
8.697309759082031633e+01
8.810428860130559769e+01
8.838143629691013814e+01
9.462411719421648115e+01
9.053743790084072884e+01
9.563294001356979379e+01
9.080622798426611553e+01
8.965555319293721936e+01
9.308118645208030273e+01
7.018101657634390733e+01
9.481733541279446342e+01
8.491473220129410038e+01
8.585682935885348854e+01
7.244154846550246418e+01
8.307615048320987228e+01
8.594950168295366666e+01
6.863857152149991236e+01
9.996567779769074491e+01
9.071402255161495987e+01
9.226206665475754676e+01
6.347936904090746424e+01
5.779186091354678467e+01
8.555033379640249791e+01
7.181246283148772136e+01
7.817051501278928072e+01
8.765543654860836398e+01
6.494235413412914681e+01
8.672456632458647618e+01
8.073042830835430550e+01
6.096631178930899608e+01
8.434853899140513533e+01
7.192876072725259462e+01
8.353724836949928090e+01
9.447257747718671794e+01
7.524597012731803147e+01
9.876337951291114337e+01
9.230930255211666235e+01
9.039808028789336447e+01
7.328785563791440438e+01
8.360284319964719657e+01
7.641723372194317676e+01
6.581099708643688473e+01
7.011312623805351052e+01
9.185884786491293141e+01
6.026147137456690928e+01
8.168760350702777373e+01
8.671833382149394254e+01
7.732704094366253855e+01
8.748840622330135375e+01
8.524367975067320913e+01
9.111093157430573797e+01
9.169145344958008081e+01
8.476090023968993137e+01
8.515853323466441793e+01
9.163404287807171045e+01
7.975274096789596001e+01
7.468761522986015677e+01
7.584042852956275738e+01
8.901391789226094886e+01
7.153044989520961394e+01
7.397159026672753157e+01
9.282487429804083945e+01
6.963599664114083510e+01
8.309422313868782339e+01
7.215500750514942752e+01
9.469757975720739296e+01
7.243484824760345475e+01
7.281294748734370614e+01
7.978333325388659603e+01
6.900947040976009816e+01
8.325514738356990563e+01
6.897681522318205793e+01
9.112866100879573139e+01
6.076979832928612524e+01
9.809540561648410062e+01
9.678038630583588997e+01
8.528037397331218017e+01
8.612197456143231022e+01
9.331567625268777988e+01
9.244753150533324515e+01
6.774882161360814337e+01
9.291545720841223499e+01
7.195171580131763278e+01
8.888547336069440519e+01
7.702955502724842063e+01
7.388053399987971659e+01
6.752688775737577487e+01
8.607643464111649223e+01
8.564736443780324748e+01
7.704265891645083286e+01
9.496449838526952192e+01
6.308015727556027485e+01
1.004959336304220585e+02
9.444911471130831160e+01
8.988848343101325611e+01
9.129113284497815073e+01
8.451111046461862486e+01
5.626012719116121019e+01
8.652870928636808401e+01
8.626085389218276589e+01
8.654852737560511855e+01
7.949198283974322976e+01
9.013388207485061798e+01
7.876901621938417009e+01
8.279173935119881378e+01
8.076078058263551895e+01
9.347239752809117874e+01
7.688863284260013131e+01
7.775270183739779384e+01
7.551788314439328076e+01
7.624527660157235687e+01
6.439372670250445196e+01
7.000860324303053517e+01
7.705129780190272015e+01
8.475963992597331753e+01
5.660682822130244318e+01
8.070744436889046369e+01
9.123332175384335585e+01
8.189457010268384352e+01
9.270461688276739665e+01
8.985051601778744157e+01
7.230550377185984701e+01
9.018050341532240566e+01
9.026143493539959195e+01
7.896333580012172604e+01
8.278303885338141299e+01
8.570178187155499927e+01
8.403892573562517043e+01
