2.500000000000000139e-02 0.000000000000000000e+00
7.500000000000001110e-02 0.000000000000000000e+00
1.250000000000000000e-01 0.000000000000000000e+00
1.750000000000000167e-01 0.000000000000000000e+00
2.250000000000000056e-01 0.000000000000000000e+00
2.750000000000000222e-01 0.000000000000000000e+00
3.250000000000000666e-01 0.000000000000000000e+00
3.750000000000000000e-01 0.000000000000000000e+00
4.250000000000000444e-01 0.000000000000000000e+00
4.749999999999999778e-01 0.000000000000000000e+00
5.250000000000000222e-01 0.000000000000000000e+00
5.750000000000000666e-01 0.000000000000000000e+00
6.250000000000000000e-01 0.000000000000000000e+00
6.750000000000000444e-01 0.000000000000000000e+00
7.250000000000000888e-01 0.000000000000000000e+00
7.750000000000000222e-01 0.000000000000000000e+00
8.250000000000000666e-01 0.000000000000000000e+00
8.750000000000000000e-01 0.000000000000000000e+00
9.250000000000000444e-01 0.000000000000000000e+00
9.750000000000000888e-01 0.000000000000000000e+00
1.024999999999999911e+00 0.000000000000000000e+00
1.075000000000000178e+00 0.000000000000000000e+00
1.125000000000000000e+00 0.000000000000000000e+00
1.175000000000000266e+00 0.000000000000000000e+00
1.225000000000000089e+00 0.000000000000000000e+00
1.274999999999999911e+00 0.000000000000000000e+00
1.325000000000000178e+00 0.000000000000000000e+00
1.375000000000000000e+00 0.000000000000000000e+00
1.425000000000000266e+00 0.000000000000000000e+00
1.475000000000000089e+00 0.000000000000000000e+00
1.524999999999999911e+00 0.000000000000000000e+00
1.575000000000000178e+00 0.000000000000000000e+00
1.625000000000000000e+00 0.000000000000000000e+00
1.675000000000000266e+00 0.000000000000000000e+00
1.725000000000000089e+00 0.000000000000000000e+00
1.774999999999999911e+00 0.000000000000000000e+00
1.825000000000000178e+00 0.000000000000000000e+00
1.875000000000000000e+00 0.000000000000000000e+00
1.925000000000000266e+00 0.000000000000000000e+00
1.975000000000000089e+00 0.000000000000000000e+00
2.025000000000000355e+00 0.000000000000000000e+00
2.075000000000000178e+00 0.000000000000000000e+00
2.125000000000000000e+00 0.000000000000000000e+00
2.174999999999999822e+00 0.000000000000000000e+00
2.225000000000000089e+00 0.000000000000000000e+00
2.275000000000000355e+00 0.000000000000000000e+00
2.325000000000000178e+00 7.984031936127772289e-02
2.375000000000000000e+00 5.588822355289391197e-01
2.425000000000000266e+00 7.584830339321384507e-01
2.475000000000000089e+00 1.237524950099804677e+00
2.525000000000000355e+00 1.756487025948094471e+00
2.575000000000000178e+00 8.782435129740551183e-01
2.625000000000000000e+00 1.836327345309371584e+00
2.675000000000000266e+00 1.796407185628748904e+00
2.725000000000000089e+00 1.596806387225554680e+00
2.775000000000000355e+00 1.756487025948094471e+00
2.825000000000000178e+00 1.477045908183638012e+00
2.875000000000000000e+00 1.516966067864263357e+00
2.925000000000000266e+00 9.580838323353327857e-01
2.975000000000000089e+00 1.197604790419166010e+00
3.025000000000000355e+00 9.181636726546857918e-01
3.075000000000000178e+00 7.984031936127773399e-01
3.125000000000000000e+00 3.193612774451080605e-01
3.175000000000000266e+00 3.193612774451108915e-01
3.225000000000000089e+00 3.992015968063886144e-02
3.275000000000000355e+00 1.996007984031925586e-01
3.325000000000000178e+00 0.000000000000000000e+00
3.375000000000000000e+00 0.000000000000000000e+00
3.425000000000000266e+00 0.000000000000000000e+00
3.475000000000000089e+00 0.000000000000000000e+00
3.525000000000000355e+00 0.000000000000000000e+00
3.575000000000000178e+00 0.000000000000000000e+00
3.625000000000000000e+00 0.000000000000000000e+00
3.675000000000000266e+00 0.000000000000000000e+00
3.725000000000000089e+00 0.000000000000000000e+00
3.775000000000000355e+00 0.000000000000000000e+00
3.825000000000000178e+00 0.000000000000000000e+00
3.875000000000000000e+00 0.000000000000000000e+00
3.925000000000000266e+00 0.000000000000000000e+00
3.975000000000000089e+00 0.000000000000000000e+00
4.025000000000000355e+00 0.000000000000000000e+00
4.075000000000000178e+00 0.000000000000000000e+00
4.125000000000000000e+00 0.000000000000000000e+00
4.175000000000000711e+00 0.000000000000000000e+00
4.224999999999999645e+00 0.000000000000000000e+00
4.275000000000000355e+00 0.000000000000000000e+00
4.325000000000000178e+00 0.000000000000000000e+00
4.375000000000000000e+00 0.000000000000000000e+00
4.425000000000000711e+00 0.000000000000000000e+00
4.474999999999999645e+00 0.000000000000000000e+00
4.525000000000000355e+00 0.000000000000000000e+00
4.575000000000000178e+00 0.000000000000000000e+00
4.625000000000000000e+00 0.000000000000000000e+00
4.675000000000000711e+00 0.000000000000000000e+00
4.724999999999999645e+00 0.000000000000000000e+00
4.775000000000000355e+00 0.000000000000000000e+00
4.825000000000001066e+00 0.000000000000000000e+00
4.875000000000000000e+00 0.000000000000000000e+00
4.925000000000000711e+00 0.000000000000000000e+00
4.974999999999999645e+00 0.000000000000000000e+00
5.025000000000000355e+00 0.000000000000000000e+00
5.075000000000001066e+00 0.000000000000000000e+00
5.125000000000000000e+00 0.000000000000000000e+00
5.175000000000000711e+00 0.000000000000000000e+00
5.224999999999999645e+00 0.000000000000000000e+00
5.275000000000000355e+00 0.000000000000000000e+00
5.325000000000001066e+00 0.000000000000000000e+00
5.375000000000000000e+00 0.000000000000000000e+00
5.425000000000000711e+00 0.000000000000000000e+00
5.474999999999999645e+00 0.000000000000000000e+00
5.525000000000000355e+00 0.000000000000000000e+00
5.575000000000001066e+00 0.000000000000000000e+00
5.625000000000000000e+00 0.000000000000000000e+00
5.675000000000000711e+00 0.000000000000000000e+00
5.724999999999999645e+00 0.000000000000000000e+00
5.775000000000000355e+00 0.000000000000000000e+00
5.825000000000001066e+00 0.000000000000000000e+00
5.875000000000000000e+00 0.000000000000000000e+00
5.925000000000000711e+00 0.000000000000000000e+00
5.974999999999999645e+00 0.000000000000000000e+00
6.025000000000000355e+00 0.000000000000000000e+00
6.075000000000001066e+00 0.000000000000000000e+00
6.125000000000000000e+00 0.000000000000000000e+00
6.175000000000000711e+00 0.000000000000000000e+00
6.224999999999999645e+00 0.000000000000000000e+00
6.275000000000000355e+00 0.000000000000000000e+00
6.325000000000001066e+00 0.000000000000000000e+00
6.375000000000000000e+00 0.000000000000000000e+00
6.425000000000000711e+00 0.000000000000000000e+00
6.474999999999999645e+00 0.000000000000000000e+00
6.525000000000000355e+00 0.000000000000000000e+00
6.575000000000001066e+00 0.000000000000000000e+00
6.625000000000000000e+00 0.000000000000000000e+00
6.675000000000000711e+00 0.000000000000000000e+00
6.724999999999999645e+00 0.000000000000000000e+00
6.775000000000000355e+00 0.000000000000000000e+00
6.825000000000001066e+00 0.000000000000000000e+00
6.875000000000000000e+00 0.000000000000000000e+00
6.925000000000000711e+00 0.000000000000000000e+00
6.974999999999999645e+00 0.000000000000000000e+00
7.025000000000000355e+00 0.000000000000000000e+00
7.075000000000001066e+00 0.000000000000000000e+00
7.125000000000000000e+00 0.000000000000000000e+00
7.175000000000000711e+00 0.000000000000000000e+00
7.224999999999999645e+00 0.000000000000000000e+00
7.275000000000000355e+00 0.000000000000000000e+00
7.325000000000001066e+00 0.000000000000000000e+00
7.375000000000000000e+00 0.000000000000000000e+00
7.425000000000000711e+00 0.000000000000000000e+00
7.474999999999999645e+00 0.000000000000000000e+00
7.525000000000000355e+00 0.000000000000000000e+00
7.575000000000001066e+00 0.000000000000000000e+00
7.625000000000000000e+00 0.000000000000000000e+00
7.675000000000000711e+00 0.000000000000000000e+00
7.724999999999999645e+00 0.000000000000000000e+00
7.775000000000000355e+00 0.000000000000000000e+00
7.825000000000001066e+00 0.000000000000000000e+00
7.875000000000000000e+00 0.000000000000000000e+00
7.925000000000000711e+00 0.000000000000000000e+00
7.974999999999999645e+00 0.000000000000000000e+00
8.025000000000000355e+00 0.000000000000000000e+00
8.074999999999999289e+00 0.000000000000000000e+00
8.125000000000000000e+00 0.000000000000000000e+00
8.175000000000000711e+00 0.000000000000000000e+00
8.225000000000001421e+00 0.000000000000000000e+00
8.275000000000000355e+00 0.000000000000000000e+00
8.324999999999999289e+00 0.000000000000000000e+00
8.375000000000000000e+00 0.000000000000000000e+00
8.425000000000000711e+00 0.000000000000000000e+00
8.475000000000001421e+00 0.000000000000000000e+00
8.525000000000000355e+00 0.000000000000000000e+00
8.574999999999999289e+00 0.000000000000000000e+00
8.625000000000000000e+00 0.000000000000000000e+00
8.675000000000000711e+00 0.000000000000000000e+00
8.725000000000001421e+00 0.000000000000000000e+00
8.775000000000000355e+00 0.000000000000000000e+00
8.824999999999999289e+00 0.000000000000000000e+00
8.875000000000000000e+00 0.000000000000000000e+00
8.925000000000000711e+00 0.000000000000000000e+00
8.975000000000001421e+00 0.000000000000000000e+00
9.025000000000000355e+00 0.000000000000000000e+00
9.074999999999999289e+00 0.000000000000000000e+00
9.125000000000000000e+00 0.000000000000000000e+00
9.175000000000000711e+00 0.000000000000000000e+00
9.225000000000001421e+00 0.000000000000000000e+00
9.275000000000000355e+00 0.000000000000000000e+00
9.324999999999999289e+00 0.000000000000000000e+00
9.375000000000000000e+00 0.000000000000000000e+00
9.425000000000000711e+00 0.000000000000000000e+00
9.475000000000001421e+00 0.000000000000000000e+00
9.525000000000000355e+00 0.000000000000000000e+00
9.575000000000001066e+00 0.000000000000000000e+00
9.625000000000000000e+00 0.000000000000000000e+00
9.675000000000000711e+00 0.000000000000000000e+00
9.725000000000001421e+00 0.000000000000000000e+00
9.775000000000000355e+00 0.000000000000000000e+00
9.825000000000001066e+00 0.000000000000000000e+00
9.875000000000000000e+00 0.000000000000000000e+00
9.925000000000000711e+00 0.000000000000000000e+00
9.975000000000001421e+00 0.000000000000000000e+00
1.002500000000000036e+01 0.000000000000000000e+00
1.007500000000000107e+01 0.000000000000000000e+00
1.012500000000000000e+01 0.000000000000000000e+00
1.017500000000000071e+01 0.000000000000000000e+00
1.022500000000000142e+01 0.000000000000000000e+00
1.027500000000000036e+01 0.000000000000000000e+00
1.032500000000000107e+01 0.000000000000000000e+00
1.037500000000000000e+01 0.000000000000000000e+00
1.042500000000000071e+01 0.000000000000000000e+00
1.047500000000000142e+01 0.000000000000000000e+00
1.052500000000000036e+01 0.000000000000000000e+00
1.057500000000000107e+01 0.000000000000000000e+00
1.062500000000000000e+01 0.000000000000000000e+00
1.067500000000000071e+01 0.000000000000000000e+00
1.072500000000000142e+01 0.000000000000000000e+00
1.077500000000000036e+01 0.000000000000000000e+00
1.082500000000000107e+01 0.000000000000000000e+00
1.087500000000000000e+01 0.000000000000000000e+00
1.092500000000000071e+01 0.000000000000000000e+00
1.097500000000000142e+01 0.000000000000000000e+00
1.102500000000000036e+01 0.000000000000000000e+00
1.107500000000000107e+01 0.000000000000000000e+00
1.112500000000000000e+01 0.000000000000000000e+00
1.117500000000000071e+01 0.000000000000000000e+00
1.122500000000000142e+01 0.000000000000000000e+00
1.127500000000000036e+01 0.000000000000000000e+00
1.132500000000000107e+01 0.000000000000000000e+00
1.137500000000000000e+01 0.000000000000000000e+00
1.142500000000000071e+01 0.000000000000000000e+00
1.147500000000000142e+01 0.000000000000000000e+00
1.152500000000000036e+01 0.000000000000000000e+00
1.157500000000000107e+01 0.000000000000000000e+00
1.162500000000000000e+01 0.000000000000000000e+00
1.167500000000000071e+01 0.000000000000000000e+00
1.172500000000000142e+01 0.000000000000000000e+00
1.177500000000000036e+01 0.000000000000000000e+00
1.182500000000000107e+01 0.000000000000000000e+00
1.187500000000000000e+01 0.000000000000000000e+00
1.192500000000000071e+01 0.000000000000000000e+00
1.197500000000000142e+01 0.000000000000000000e+00
1.202500000000000036e+01 0.000000000000000000e+00
1.207500000000000107e+01 0.000000000000000000e+00
1.212500000000000000e+01 0.000000000000000000e+00
1.217500000000000071e+01 0.000000000000000000e+00
1.222500000000000142e+01 0.000000000000000000e+00
1.227500000000000036e+01 0.000000000000000000e+00
1.232500000000000107e+01 0.000000000000000000e+00
1.237500000000000000e+01 0.000000000000000000e+00
1.242500000000000071e+01 0.000000000000000000e+00
1.247500000000000142e+01 0.000000000000000000e+00
1.252500000000000036e+01 0.000000000000000000e+00
1.257500000000000107e+01 0.000000000000000000e+00
1.262500000000000000e+01 0.000000000000000000e+00
1.267500000000000071e+01 0.000000000000000000e+00
1.272500000000000142e+01 0.000000000000000000e+00
1.277500000000000036e+01 0.000000000000000000e+00
1.282500000000000107e+01 0.000000000000000000e+00
1.287500000000000000e+01 0.000000000000000000e+00
1.292500000000000071e+01 0.000000000000000000e+00
1.297500000000000142e+01 0.000000000000000000e+00
1.302500000000000036e+01 0.000000000000000000e+00
1.307500000000000107e+01 0.000000000000000000e+00
1.312500000000000000e+01 0.000000000000000000e+00
1.317500000000000071e+01 0.000000000000000000e+00
1.322500000000000142e+01 0.000000000000000000e+00
1.327500000000000036e+01 0.000000000000000000e+00
1.332500000000000107e+01 0.000000000000000000e+00
1.337500000000000000e+01 0.000000000000000000e+00
1.342500000000000071e+01 0.000000000000000000e+00
1.347500000000000142e+01 0.000000000000000000e+00
1.352500000000000036e+01 0.000000000000000000e+00
1.357500000000000107e+01 0.000000000000000000e+00
1.362500000000000000e+01 0.000000000000000000e+00
1.367500000000000071e+01 0.000000000000000000e+00
1.372500000000000142e+01 0.000000000000000000e+00
1.377500000000000036e+01 0.000000000000000000e+00
1.382500000000000107e+01 0.000000000000000000e+00
1.387500000000000000e+01 0.000000000000000000e+00
1.392500000000000071e+01 0.000000000000000000e+00
1.397500000000000142e+01 0.000000000000000000e+00
1.402500000000000036e+01 0.000000000000000000e+00
1.407500000000000107e+01 0.000000000000000000e+00
1.412500000000000000e+01 0.000000000000000000e+00
1.417500000000000071e+01 0.000000000000000000e+00
1.422500000000000142e+01 0.000000000000000000e+00
1.427500000000000036e+01 0.000000000000000000e+00
1.432500000000000107e+01 0.000000000000000000e+00
1.437500000000000000e+01 0.000000000000000000e+00
1.442500000000000071e+01 0.000000000000000000e+00
1.447500000000000142e+01 0.000000000000000000e+00
1.452500000000000036e+01 0.000000000000000000e+00
1.457500000000000107e+01 0.000000000000000000e+00
1.462500000000000000e+01 0.000000000000000000e+00
1.467500000000000071e+01 0.000000000000000000e+00
1.472500000000000142e+01 0.000000000000000000e+00
1.477500000000000036e+01 0.000000000000000000e+00
1.482500000000000107e+01 0.000000000000000000e+00
1.487500000000000000e+01 0.000000000000000000e+00
1.492500000000000071e+01 0.000000000000000000e+00
1.497500000000000142e+01 0.000000000000000000e+00
1.502500000000000036e+01 0.000000000000000000e+00
1.507500000000000107e+01 0.000000000000000000e+00
1.512500000000000000e+01 0.000000000000000000e+00
1.517500000000000071e+01 0.000000000000000000e+00
1.522500000000000142e+01 0.000000000000000000e+00
1.527500000000000036e+01 0.000000000000000000e+00
1.532500000000000107e+01 0.000000000000000000e+00
1.537500000000000000e+01 0.000000000000000000e+00
1.542500000000000071e+01 0.000000000000000000e+00
1.547500000000000142e+01 0.000000000000000000e+00
1.552500000000000036e+01 0.000000000000000000e+00
1.557500000000000107e+01 0.000000000000000000e+00
1.562500000000000000e+01 0.000000000000000000e+00
1.567500000000000071e+01 0.000000000000000000e+00
1.572500000000000142e+01 0.000000000000000000e+00
1.577500000000000036e+01 0.000000000000000000e+00
1.582500000000000107e+01 0.000000000000000000e+00
1.587500000000000000e+01 0.000000000000000000e+00
1.592500000000000071e+01 0.000000000000000000e+00
1.597500000000000142e+01 0.000000000000000000e+00
1.602499999999999858e+01 0.000000000000000000e+00
1.607500000000000284e+01 0.000000000000000000e+00
1.612500000000000000e+01 0.000000000000000000e+00
1.617500000000000071e+01 0.000000000000000000e+00
1.622500000000000142e+01 0.000000000000000000e+00
1.627499999999999858e+01 0.000000000000000000e+00
1.632500000000000284e+01 0.000000000000000000e+00
1.637500000000000000e+01 0.000000000000000000e+00
1.642500000000000071e+01 0.000000000000000000e+00
1.647500000000000142e+01 0.000000000000000000e+00
1.652499999999999858e+01 0.000000000000000000e+00
1.657500000000000284e+01 0.000000000000000000e+00
1.662500000000000000e+01 0.000000000000000000e+00
1.667500000000000071e+01 0.000000000000000000e+00
1.672500000000000142e+01 0.000000000000000000e+00
1.677499999999999858e+01 0.000000000000000000e+00
1.682500000000000284e+01 0.000000000000000000e+00
1.687500000000000000e+01 0.000000000000000000e+00
1.692500000000000071e+01 0.000000000000000000e+00
1.697500000000000142e+01 0.000000000000000000e+00
1.702499999999999858e+01 0.000000000000000000e+00
1.707500000000000284e+01 0.000000000000000000e+00
1.712500000000000000e+01 0.000000000000000000e+00
1.717500000000000071e+01 0.000000000000000000e+00
1.722500000000000142e+01 0.000000000000000000e+00
1.727499999999999858e+01 0.000000000000000000e+00
1.732500000000000284e+01 0.000000000000000000e+00
1.737500000000000000e+01 0.000000000000000000e+00
1.742500000000000071e+01 0.000000000000000000e+00
1.747500000000000142e+01 0.000000000000000000e+00
1.752499999999999858e+01 0.000000000000000000e+00
1.757500000000000284e+01 0.000000000000000000e+00
1.762500000000000000e+01 0.000000000000000000e+00
1.767500000000000071e+01 0.000000000000000000e+00
1.772500000000000142e+01 0.000000000000000000e+00
1.777499999999999858e+01 0.000000000000000000e+00
1.782500000000000284e+01 0.000000000000000000e+00
1.787500000000000000e+01 0.000000000000000000e+00
1.792500000000000071e+01 0.000000000000000000e+00
1.797500000000000142e+01 0.000000000000000000e+00
1.802499999999999858e+01 0.000000000000000000e+00
1.807500000000000284e+01 0.000000000000000000e+00
1.812500000000000000e+01 0.000000000000000000e+00
1.817500000000000071e+01 0.000000000000000000e+00
1.822500000000000142e+01 0.000000000000000000e+00
1.827499999999999858e+01 0.000000000000000000e+00
1.832500000000000284e+01 0.000000000000000000e+00
1.837500000000000000e+01 0.000000000000000000e+00
1.842500000000000071e+01 0.000000000000000000e+00
1.847500000000000142e+01 0.000000000000000000e+00
1.852499999999999858e+01 0.000000000000000000e+00
1.857500000000000284e+01 0.000000000000000000e+00
1.862500000000000000e+01 0.000000000000000000e+00
1.867500000000000071e+01 0.000000000000000000e+00
1.872500000000000142e+01 0.000000000000000000e+00
1.877499999999999858e+01 0.000000000000000000e+00
1.882500000000000284e+01 0.000000000000000000e+00
1.887500000000000000e+01 0.000000000000000000e+00
1.892500000000000071e+01 0.000000000000000000e+00
1.897500000000000142e+01 0.000000000000000000e+00
1.902499999999999858e+01 0.000000000000000000e+00
1.907500000000000284e+01 0.000000000000000000e+00
1.912500000000000000e+01 0.000000000000000000e+00
1.917500000000000426e+01 0.000000000000000000e+00
1.922500000000000142e+01 0.000000000000000000e+00
1.927499999999999858e+01 0.000000000000000000e+00
1.932500000000000284e+01 0.000000000000000000e+00
1.937500000000000000e+01 0.000000000000000000e+00
1.942500000000000426e+01 0.000000000000000000e+00
1.947500000000000142e+01 0.000000000000000000e+00
1.952499999999999858e+01 0.000000000000000000e+00
1.957500000000000284e+01 0.000000000000000000e+00
1.962500000000000000e+01 0.000000000000000000e+00
1.967500000000000426e+01 0.000000000000000000e+00
1.972500000000000142e+01 0.000000000000000000e+00
1.977499999999999858e+01 0.000000000000000000e+00
1.982500000000000284e+01 0.000000000000000000e+00
1.987500000000000000e+01 0.000000000000000000e+00
1.992500000000000426e+01 0.000000000000000000e+00
1.997500000000000142e+01 0.000000000000000000e+00
2.002499999999999858e+01 0.000000000000000000e+00
2.007500000000000284e+01 0.000000000000000000e+00
2.012500000000000000e+01 0.000000000000000000e+00
2.017500000000000426e+01 0.000000000000000000e+00
2.022500000000000142e+01 0.000000000000000000e+00
2.027499999999999858e+01 0.000000000000000000e+00
2.032500000000000284e+01 0.000000000000000000e+00
2.037500000000000000e+01 0.000000000000000000e+00
2.042500000000000426e+01 0.000000000000000000e+00
2.047500000000000142e+01 0.000000000000000000e+00
2.052499999999999858e+01 0.000000000000000000e+00
2.057500000000000284e+01 0.000000000000000000e+00
2.062500000000000000e+01 0.000000000000000000e+00
2.067500000000000426e+01 0.000000000000000000e+00
2.072500000000000142e+01 0.000000000000000000e+00
2.077499999999999858e+01 0.000000000000000000e+00
2.082500000000000284e+01 0.000000000000000000e+00
2.087500000000000000e+01 0.000000000000000000e+00
2.092500000000000426e+01 0.000000000000000000e+00
2.097500000000000142e+01 0.000000000000000000e+00
2.102499999999999858e+01 0.000000000000000000e+00
2.107500000000000284e+01 0.000000000000000000e+00
2.112500000000000000e+01 0.000000000000000000e+00
2.117500000000000426e+01 0.000000000000000000e+00
2.122500000000000142e+01 0.000000000000000000e+00
2.127499999999999858e+01 0.000000000000000000e+00
2.132500000000000284e+01 0.000000000000000000e+00
2.137500000000000000e+01 0.000000000000000000e+00
2.142500000000000426e+01 0.000000000000000000e+00
2.147500000000000142e+01 0.000000000000000000e+00
2.152499999999999858e+01 0.000000000000000000e+00
2.157500000000000284e+01 0.000000000000000000e+00
2.162500000000000000e+01 0.000000000000000000e+00
2.167500000000000426e+01 0.000000000000000000e+00
2.172500000000000142e+01 0.000000000000000000e+00
2.177499999999999858e+01 0.000000000000000000e+00
2.182500000000000284e+01 0.000000000000000000e+00
2.187500000000000000e+01 0.000000000000000000e+00
2.192500000000000426e+01 0.000000000000000000e+00
2.197500000000000142e+01 0.000000000000000000e+00
2.202499999999999858e+01 0.000000000000000000e+00
2.207500000000000284e+01 0.000000000000000000e+00
2.212500000000000000e+01 0.000000000000000000e+00
2.217500000000000426e+01 0.000000000000000000e+00
2.222500000000000142e+01 0.000000000000000000e+00
2.227499999999999858e+01 0.000000000000000000e+00
2.232500000000000284e+01 0.000000000000000000e+00
2.237500000000000000e+01 0.000000000000000000e+00
2.242500000000000426e+01 0.000000000000000000e+00
2.247500000000000142e+01 0.000000000000000000e+00
2.252499999999999858e+01 0.000000000000000000e+00
2.257500000000000284e+01 0.000000000000000000e+00
2.262500000000000000e+01 0.000000000000000000e+00
2.267500000000000426e+01 0.000000000000000000e+00
2.272500000000000142e+01 0.000000000000000000e+00
2.277499999999999858e+01 0.000000000000000000e+00
2.282500000000000284e+01 0.000000000000000000e+00
2.287500000000000000e+01 0.000000000000000000e+00
2.292500000000000426e+01 0.000000000000000000e+00
2.297500000000000142e+01 0.000000000000000000e+00
2.302499999999999858e+01 0.000000000000000000e+00
2.307500000000000284e+01 0.000000000000000000e+00
2.312500000000000000e+01 0.000000000000000000e+00
2.317500000000000426e+01 0.000000000000000000e+00
2.322500000000000142e+01 0.000000000000000000e+00
2.327499999999999858e+01 0.000000000000000000e+00
2.332500000000000284e+01 0.000000000000000000e+00
2.337500000000000000e+01 0.000000000000000000e+00
2.342500000000000426e+01 0.000000000000000000e+00
2.347500000000000142e+01 0.000000000000000000e+00
2.352499999999999858e+01 0.000000000000000000e+00
2.357500000000000284e+01 0.000000000000000000e+00
2.362500000000000000e+01 0.000000000000000000e+00
2.367500000000000426e+01 0.000000000000000000e+00
2.372500000000000142e+01 0.000000000000000000e+00
2.377499999999999858e+01 0.000000000000000000e+00
2.382500000000000284e+01 0.000000000000000000e+00
2.387500000000000000e+01 0.000000000000000000e+00
2.392500000000000426e+01 0.000000000000000000e+00
2.397500000000000142e+01 0.000000000000000000e+00
2.402499999999999858e+01 0.000000000000000000e+00
2.407500000000000284e+01 0.000000000000000000e+00
2.412500000000000000e+01 0.000000000000000000e+00
2.417500000000000426e+01 0.000000000000000000e+00
2.422500000000000142e+01 0.000000000000000000e+00
2.427499999999999858e+01 0.000000000000000000e+00
2.432500000000000284e+01 0.000000000000000000e+00
2.437500000000000000e+01 0.000000000000000000e+00
2.442500000000000426e+01 0.000000000000000000e+00
2.447500000000000142e+01 0.000000000000000000e+00
2.452499999999999858e+01 0.000000000000000000e+00
2.457500000000000284e+01 0.000000000000000000e+00
2.462500000000000000e+01 0.000000000000000000e+00
2.467500000000000426e+01 0.000000000000000000e+00
2.472500000000000142e+01 0.000000000000000000e+00
2.477499999999999858e+01 0.000000000000000000e+00
2.482500000000000284e+01 0.000000000000000000e+00
2.487500000000000000e+01 0.000000000000000000e+00
2.492500000000000426e+01 0.000000000000000000e+00
2.497500000000000142e+01 0.000000000000000000e+00
2.502499999999999858e+01 0.000000000000000000e+00
2.507500000000000284e+01 0.000000000000000000e+00
2.512500000000000000e+01 0.000000000000000000e+00
2.517500000000000426e+01 0.000000000000000000e+00
2.522500000000000142e+01 0.000000000000000000e+00
2.527499999999999858e+01 0.000000000000000000e+00
2.532500000000000284e+01 0.000000000000000000e+00
2.537500000000000000e+01 0.000000000000000000e+00
2.542500000000000426e+01 0.000000000000000000e+00
2.547500000000000142e+01 0.000000000000000000e+00
2.552499999999999858e+01 0.000000000000000000e+00
2.557500000000000284e+01 0.000000000000000000e+00
2.562500000000000000e+01 0.000000000000000000e+00
2.567500000000000426e+01 0.000000000000000000e+00
2.572500000000000142e+01 0.000000000000000000e+00
2.577499999999999858e+01 0.000000000000000000e+00
2.582500000000000284e+01 0.000000000000000000e+00
2.587500000000000000e+01 0.000000000000000000e+00
2.592500000000000426e+01 0.000000000000000000e+00
2.597500000000000142e+01 0.000000000000000000e+00
2.602499999999999858e+01 0.000000000000000000e+00
2.607500000000000284e+01 0.000000000000000000e+00
2.612500000000000000e+01 0.000000000000000000e+00
2.617500000000000426e+01 0.000000000000000000e+00
2.622500000000000142e+01 0.000000000000000000e+00
2.627499999999999858e+01 0.000000000000000000e+00
2.632500000000000284e+01 0.000000000000000000e+00
2.637500000000000000e+01 0.000000000000000000e+00
2.642500000000000426e+01 0.000000000000000000e+00
2.647500000000000142e+01 0.000000000000000000e+00
2.652499999999999858e+01 0.000000000000000000e+00
2.657500000000000284e+01 0.000000000000000000e+00
2.662500000000000000e+01 0.000000000000000000e+00
2.667500000000000426e+01 0.000000000000000000e+00
2.672500000000000142e+01 0.000000000000000000e+00
2.677499999999999858e+01 0.000000000000000000e+00
2.682500000000000284e+01 0.000000000000000000e+00
2.687500000000000000e+01 0.000000000000000000e+00
2.692500000000000426e+01 0.000000000000000000e+00
2.697500000000000142e+01 0.000000000000000000e+00
2.702499999999999858e+01 0.000000000000000000e+00
2.707500000000000284e+01 0.000000000000000000e+00
2.712500000000000000e+01 0.000000000000000000e+00
2.717500000000000426e+01 0.000000000000000000e+00
2.722500000000000142e+01 0.000000000000000000e+00
2.727499999999999858e+01 0.000000000000000000e+00
2.732500000000000284e+01 0.000000000000000000e+00
2.737500000000000000e+01 0.000000000000000000e+00
2.742500000000000426e+01 0.000000000000000000e+00
2.747500000000000142e+01 0.000000000000000000e+00
2.752499999999999858e+01 0.000000000000000000e+00
2.757500000000000284e+01 0.000000000000000000e+00
2.762500000000000000e+01 0.000000000000000000e+00
2.767500000000000426e+01 0.000000000000000000e+00
2.772500000000000142e+01 0.000000000000000000e+00
2.777499999999999858e+01 0.000000000000000000e+00
2.782500000000000284e+01 0.000000000000000000e+00
2.787500000000000000e+01 0.000000000000000000e+00
2.792500000000000426e+01 0.000000000000000000e+00
2.797500000000000142e+01 0.000000000000000000e+00
2.802499999999999858e+01 0.000000000000000000e+00
2.807500000000000284e+01 0.000000000000000000e+00
2.812500000000000000e+01 0.000000000000000000e+00
2.817500000000000426e+01 0.000000000000000000e+00
2.822500000000000142e+01 0.000000000000000000e+00
2.827499999999999858e+01 0.000000000000000000e+00
2.832500000000000284e+01 0.000000000000000000e+00
2.837500000000000000e+01 0.000000000000000000e+00
2.842500000000000426e+01 0.000000000000000000e+00
2.847500000000000142e+01 0.000000000000000000e+00
2.852499999999999858e+01 0.000000000000000000e+00
2.857500000000000284e+01 0.000000000000000000e+00
2.862500000000000000e+01 0.000000000000000000e+00
2.867500000000000426e+01 0.000000000000000000e+00
2.872500000000000142e+01 0.000000000000000000e+00
2.877499999999999858e+01 0.000000000000000000e+00
2.882500000000000284e+01 0.000000000000000000e+00
2.887500000000000000e+01 0.000000000000000000e+00
2.892500000000000426e+01 0.000000000000000000e+00
2.897500000000000142e+01 0.000000000000000000e+00
2.902499999999999858e+01 0.000000000000000000e+00
2.907500000000000284e+01 0.000000000000000000e+00
2.912500000000000000e+01 0.000000000000000000e+00
2.917500000000000426e+01 0.000000000000000000e+00
2.922500000000000142e+01 0.000000000000000000e+00
2.927499999999999858e+01 0.000000000000000000e+00
2.932500000000000284e+01 0.000000000000000000e+00
2.937500000000000000e+01 0.000000000000000000e+00
2.942500000000000426e+01 0.000000000000000000e+00
2.947500000000000142e+01 0.000000000000000000e+00
2.952499999999999858e+01 0.000000000000000000e+00
2.957500000000000284e+01 0.000000000000000000e+00
2.962500000000000000e+01 0.000000000000000000e+00
2.967500000000000426e+01 0.000000000000000000e+00
2.972500000000000142e+01 0.000000000000000000e+00
2.977499999999999858e+01 0.000000000000000000e+00
2.982500000000000284e+01 0.000000000000000000e+00
2.987500000000000000e+01 0.000000000000000000e+00
2.992500000000000426e+01 0.000000000000000000e+00
